Vertex Count: 1002

Data:

-1.39699 8.22325 1.38611 0.5524 0.6002 0.6633 -0.7259 -0.1821
-1.884 7.59491 1.67202 0.4552 0.878 0.6633 -0.7259 -0.1821
-2.20831 7.66731 0.647095 0.8302 0.878 0.6633 -0.7259 -0.1821
-1.39766 8.17375 -0.12738 1.108 0.6002 0.6635 -0.7124 0.2286
-1.3952 8.30408 0.62591 0.8302 0.5631 0.6635 -0.7124 0.2286
-2.20831 7.66731 0.647095 0.8302 0.878 0.6635 -0.7124 0.2286
-1.86814 6.73517 -0.080123 1.108 1.1557 0.9356 0.0718 0.3456
-1.8849 7.52809 -0.371192 1.2052 0.878 0.9356 0.0718 0.3456
-2.20831 7.66731 0.647095 0.8302 0.878 0.9356 0.0718 0.3456
-1.86747 6.78467 1.43337 0.5524 1.1557 0.9353 0.0491 -0.3504
-2.20203 6.59046 0.682311 0.8302 1.253 0.9353 0.0491 -0.3504
-2.20831 7.66731 0.647095 0.8302 0.878 0.9353 0.0491 -0.3504
-1.39766 8.17375 -0.12738 0.1449 0.6002 0.1697 -0.4735 0.8643
-1.8849 7.52809 -0.371192 0.0477 0.878 0.1697 -0.4735 0.8643
-0.630912 7.10035 -0.866072 0.532 0.8784 0.1697 -0.4735 0.8643
0.71921 7.07197 -0.186333 1.0084 0.7422 -0.4203 -0.3915 0.8186
-0.407184 7.79616 -0.514535 0.532 0.6145 -0.4203 -0.3915 0.8186
-0.630912 7.10035 -0.866072 0.532 0.8784 -0.4203 -0.3915 0.8186
0.362626 5.98166 -0.150516 1.0084 1.1633 -0.1451 0.4384 0.887
0.849638 6.60999 -0.436425 1.1057 0.8855 -0.1451 0.4384 0.887
-0.630912 7.10035 -0.866072 0.532 0.8784 -0.1451 0.4384 0.887
-1.86814 6.73517 -0.080123 0.1449 1.1557 0.4698 0.2378 0.8501
-0.979526 6.04613 -0.457046 0.532 1.2903 0.4698 0.2378 0.8501
-0.630912 7.10035 -0.866072 0.532 0.8784 0.4698 0.2378 0.8501
0.71921 7.07197 -0.186333 1.1424 0.7422 -0.933 -0.3133 0.1771
0.849638 6.60999 -0.436425 1.2397 0.8855 -0.933 -0.3133 0.1771
1.02956 6.58477 0.587018 0.8647 0.8855 -0.933 -0.3133 0.1771
0.767056 7.26572 1.32242 0.5869 0.6865 -0.9627 -0.2432 -0.1185
0.858108 7.15281 0.568515 0.8647 0.7068 -0.9627 -0.2432 -0.1185
1.02956 6.58477 0.587018 0.8647 0.8855 -0.9627 -0.2432 -0.1185
0.363295 6.03116 1.36297 0.5869 1.1633 -0.7289 0.6682 -0.1491
0.850542 6.67682 1.60678 0.4897 0.8855 -0.7289 0.6682 -0.1491
1.02956 6.58477 0.587018 0.8647 0.8855 -0.7289 0.6682 -0.1491
0.362626 5.98166 -0.150516 1.1424 1.1633 -0.7287 0.6766 0.1057
0.352841 5.91147 0.609337 0.8647 1.1976 -0.7287 0.6766 0.1057
1.02956 6.58477 0.587018 0.8647 0.8855 -0.7287 0.6766 0.1057
0.767056 7.26572 1.32242 1.0084 0.6865 -0.4537 -0.3529 -0.8183
0.850542 6.67682 1.60678 1.1057 0.8855 -0.4537 -0.3529 -0.8183
-0.629589 7.1982 2.12587 0.532 0.8784 -0.4537 -0.3529 -0.8183
-1.39699 8.22325 1.38611 0.1449 0.6002 0.1552 -0.4991 -0.8525
-0.372434 7.97276 1.72603 0.532 0.5746 0.1552 -0.4991 -0.8525
-0.629589 7.1982 2.12587 0.532 0.8784 0.1552 -0.4991 -0.8525
-1.86747 6.78467 1.43337 0.1449 1.1557 0.3946 0.2828 -0.8743
-1.884 7.59491 1.67202 0.0477 0.878 0.3946 0.2828 -0.8743
-0.629589 7.1982 2.12587 0.532 0.8784 0.3946 0.2828 -0.8743
0.363295 6.03116 1.36297 1.0084 1.1633 -0.1946 0.4153 -0.8886
-0.723553 6.31091 1.78054 0.5991 1.1944 -0.1946 0.4153 -0.8886
-0.629589 7.1982 2.12587 0.532 0.8784 -0.1946 0.4153 -0.8886
-1.86747 6.78467 1.43337 0.1449 0.4476 0.4444 0.8049 -0.3933
-0.723553 6.31091 1.78054 0.5991 0.5694 0.4444 0.8049 -0.3933
-1.13475 6.0059 0.667517 0.4864 0.1576 0.4444 0.8049 -0.3933
-1.86814 6.73517 -0.080123 0.1449 -0.108 0.5629 0.7956 0.2239
-2.20203 6.59046 0.682311 0.0477 0.1698 0.5629 0.7956 0.2239
-1.13475 6.0059 0.667517 0.4864 0.1576 0.5629 0.7956 0.2239
0.362626 5.98166 -0.150516 1.0084 -0.1424 0.0505 0.9967 0.0628
-0.979526 6.04613 -0.457046 0.532 -0.2543 0.0505 0.9967 0.0628
-1.13475 6.0059 0.667517 0.4864 0.1576 0.0505 0.9967 0.0628
0.363295 6.03116 1.36297 1.0084 0.4131 0.0958 0.9657 -0.2413
0.352841 5.91147 0.609337 1.0157 0.1353 0.0958 0.9657 -0.2413
-1.13475 6.0059 0.667517 0.4864 0.1576 0.0958 0.9657 -0.2413
0.767056 7.26572 1.32242 1.0084 0.4131 -0.6283 -0.7681 -0.1239
-0.372434 7.97276 1.72603 0.532 0.5694 -0.6283 -0.7681 -0.1239
-0.274977 8.23557 0.594214 0.532 0.1576 -0.6283 -0.7681 -0.1239
0.71921 7.07197 -0.186333 1.0084 -0.1424 -0.6207 -0.7271 0.2933
0.858108 7.15281 0.568515 1.0504 0.1353 -0.6207 -0.7271 0.2933
-0.274977 8.23557 0.594214 0.532 0.1576 -0.6207 -0.7271 0.2933
-1.39766 8.17375 -0.12738 0.1449 -0.108 -0.1402 -0.9439 0.299
-0.407184 7.79616 -0.514535 0.532 -0.2543 -0.1402 -0.9439 0.299
-0.274977 8.23557 0.594214 0.532 0.1576 -0.1402 -0.9439 0.299
-1.39699 8.22325 1.38611 0.1449 0.4476 -0.1188 -0.9758 -0.1835
-1.3952 8.30408 0.62591 0.1336 0.1698 -0.1188 -0.9758 -0.1835
-0.274977 8.23557 0.594214 0.532 0.1576 -0.1188 -0.9758 -0.1835
-1.28285 5.51677 -0.363151 0.3261 0.534 -0.9127 -0.2139 -0.3482
-1.11916 4.93448 -0.562965 0.2289 0.8118 -0.9127 -0.2139 -0.3482
-1.32963 4.78716 0.207746 0.6039 0.8118 -0.9127 -0.2139 -0.3482
-1.28285 5.51677 0.778643 0.8817 0.534 -0.9127 -0.2139 0.3482
-1.56113 5.56588 0.207746 0.6039 0.4368 -0.9127 -0.2139 0.3482
-1.32963 4.78716 0.207746 0.6039 0.8118 -0.9127 -0.2139 0.3482
-0.628082 4.58137 0.778643 0.8817 1.0896 -0.5134 -0.7844 0.3482
-1.11916 4.93448 0.978457 0.9789 0.8118 -0.5134 -0.7844 0.3482
-1.32963 4.78716 0.207746 0.6039 0.8118 -0.5134 -0.7844 0.3482
-0.628082 4.58137 -0.363151 0.3261 1.0896 -0.5134 -0.7844 -0.3482
-0.677192 4.30308 0.207746 0.6039 1.1868 -0.5134 -0.7844 -0.3482
-1.32963 4.78716 0.207746 0.6039 0.8118 -0.5134 -0.7844 -0.3482
-1.28285 5.51677 0.778643 -0.0217 0.534 -0.4635 0.1905 0.8654
-1.11916 4.93448 0.978457 -0.1189 0.8118 -0.4635 0.1905 0.8654
-0.487766 5.37645 1.23536 0.2561 0.8118 -0.4635 0.1905 0.8654
-0.188937 5.94508 0.778643 0.5339 0.6685 -0.0258 0.6342 0.7727
-0.771063 5.78117 0.978457 0.2561 0.5714 -0.0258 0.6342 0.7727
-0.487766 5.37645 1.23536 0.2561 0.8118 -0.0258 0.6342 0.7727
0.307318 5.23613 0.778643 0.5339 1.0896 0.4849 -0.0856 0.8704
0.143629 5.81842 0.978457 0.6311 0.8118 0.4849 -0.0856 0.8704
-0.487766 5.37645 1.23536 0.2561 0.8118 0.4849 -0.0856 0.8704
-0.628082 4.58137 0.778643 -0.0217 1.0896 -0.0856 -0.4849 0.8704
-0.045797 4.74505 0.978457 0.2561 1.1868 -0.0856 -0.4849 0.8704
-0.487766 5.37645 1.23536 0.2561 0.8118 -0.0856 -0.4849 0.8704
-0.188937 5.94508 0.778643 0.8817 0.6685 0.3054 0.9376 0.1663
0.143629 5.81842 0.978457 0.9789 0.8118 0.3054 0.9376 0.1663
0.260259 5.90006 0.207746 0.6039 0.8118 0.3054 0.9376 0.1663
-0.254592 6.03888 -0.363151 0.3261 0.6128 0.3869 0.9134 -0.1268
-0.160035 6.05404 0.207746 0.6039 0.6331 0.3869 0.9134 -0.1268
0.260259 5.90006 0.207746 0.6039 0.8118 0.3869 0.9134 -0.1268
0.307318 5.23613 -0.363151 0.3261 1.0896 0.9125 0.3019 -0.2759
0.143628 5.81842 -0.562965 0.2289 0.8118 0.9125 0.3019 -0.2759
0.260259 5.90006 0.207746 0.6039 0.8118 0.9125 0.3019 -0.2759
0.307318 5.23613 0.778643 0.8817 1.0896 0.9125 0.3019 0.2759
0.585597 5.18702 0.207746 0.6039 1.1868 0.9125 0.3019 0.2759
0.260259 5.90006 0.207746 0.6039 0.8118 0.9125 0.3019 0.2759
-0.254592 6.03888 -0.363151 0.5339 0.6128 0.0141 0.5642 -0.8255
0.143628 5.81842 -0.562965 0.6311 0.8118 0.0141 0.5642 -0.8255
-0.487766 5.37645 -0.819869 0.2561 0.8118 0.0141 0.5642 -0.8255
-1.28285 5.51677 -0.363151 -0.0217 0.534 -0.4707 0.1583 -0.868
-0.81384 5.84228 -0.562965 0.2561 0.5351 -0.4707 0.1583 -0.868
-0.487766 5.37645 -0.819869 0.2561 0.8118 -0.4707 0.1583 -0.868
-0.628082 4.58137 -0.363151 -0.0217 1.0896 -0.0856 -0.4849 -0.8704
-1.11916 4.93448 -0.562965 -0.1189 0.8118 -0.0856 -0.4849 -0.8704
-0.487766 5.37645 -0.819869 0.2561 0.8118 -0.0856 -0.4849 -0.8704
0.307318 5.23613 -0.363151 0.5339 1.0896 0.4849 -0.0856 -0.8704
-0.045797 4.74505 -0.562965 0.2561 1.1868 0.4849 -0.0856 -0.8704
-0.487766 5.37645 -0.819869 0.2561 0.8118 0.4849 -0.0856 -0.8704
-0.628082 4.58137 -0.363151 -0.0217 0.6739 0.2139 -0.9127 -0.3482
-0.045797 4.74505 -0.562965 0.2561 0.7711 0.2139 -0.9127 -0.3482
0.101526 4.53459 0.207746 0.2561 0.3961 0.2139 -0.9127 -0.3482
-0.628082 4.58137 0.778643 -0.0217 0.1183 0.2139 -0.9127 0.3482
-0.677192 4.30308 0.207746 -0.1189 0.3961 0.2139 -0.9127 0.3482
0.101526 4.53459 0.207746 0.2561 0.3961 0.2139 -0.9127 0.3482
0.307318 5.23613 0.778643 0.5339 0.1183 0.7844 -0.5134 0.3482
-0.045797 4.74505 0.978457 0.2561 0.0211 0.7844 -0.5134 0.3482
0.101526 4.53459 0.207746 0.2561 0.3961 0.7844 -0.5134 0.3482
0.307318 5.23613 -0.363151 0.5339 0.6739 0.7844 -0.5134 -0.3482
0.585597 5.18702 0.207746 0.6311 0.3961 0.7844 -0.5134 -0.3482
0.101526 4.53459 0.207746 0.2561 0.3961 0.7844 -0.5134 -0.3482
-0.254592 6.03888 -0.363151 0.5339 0.6739 -0.1476 0.9786 -0.1437
-0.81384 5.84228 -0.562965 0.2561 0.7711 -0.1476 0.9786 -0.1437
-0.937964 6.0196 0.207746 0.2561 0.3961 -0.1476 0.9786 -0.1437
-0.188937 5.94508 0.778643 0.5339 0.1183 -0.102 0.9604 0.2592
-0.160035 6.05404 0.207746 0.5758 0.3961 -0.102 0.9604 0.2592
-0.937964 6.0196 0.207746 0.2561 0.3961 -0.102 0.9604 0.2592
-1.28285 5.51677 0.778643 -0.0217 0.1183 -0.5445 0.7647 0.3446
-0.771063 5.78117 0.978457 0.2561 0.0211 -0.5445 0.7647 0.3446
-0.937964 6.0196 0.207746 0.2561 0.3961 -0.5445 0.7647 0.3446
-1.28285 5.51677 -0.363151 -0.0217 0.6739 -0.5896 0.7486 -0.3032
-1.56113 5.56588 0.207746 -0.1189 0.3961 -0.5896 0.7486 -0.3032
-0.937964 6.0196 0.207746 0.2561 0.3961 -0.5896 0.7486 -0.3032
0.49507 4.59501 0.376367 0.5322 -0.0454 -0.9127 -0.2139 -0.3482
0.56491 4.34657 0.291114 0.435 0.2324 -0.9127 -0.2139 -0.3482
0.475113 4.28372 0.619949 0.81 0.2324 -0.9127 -0.2139 -0.3482
0.49507 4.59501 0.86353 1.0878 -0.0454 -0.9127 -0.2139 0.3482
0.376338 4.61597 0.619949 0.81 -0.1426 -0.9127 -0.2139 0.3482
0.475113 4.28372 0.619949 0.81 0.2324 -0.9127 -0.2139 0.3482
0.774436 4.19591 0.86353 1.0878 0.5102 -0.5134 -0.7844 0.3482
0.564911 4.34657 0.948783 1.185 0.2324 -0.5134 -0.7844 0.3482
0.475113 4.28372 0.619949 0.81 0.2324 -0.5134 -0.7844 0.3482
0.774436 4.19591 0.376367 0.5322 0.5102 -0.5134 -0.7844 -0.3482
0.753483 4.07718 0.619949 0.81 0.6074 -0.5134 -0.7844 -0.3482
0.475113 4.28372 0.619949 0.81 0.2324 -0.5134 -0.7844 -0.3482
0.49507 4.59501 0.86353 0.6394 -0.0454 -0.4635 0.1905 0.8654
0.564911 4.34657 0.948783 0.5422 0.2324 -0.4635 0.1905 0.8654
0.834304 4.53515 1.0584 0.9172 0.2324 -0.4635 0.1905 0.8654
0.961804 4.77776 0.86353 1.1949 0.0891 -0.0258 0.6342 0.7727
0.713431 4.70782 0.948783 0.9172 -0.0079 -0.0258 0.6342 0.7727
0.834304 4.53515 1.0584 0.9172 0.2324 -0.0258 0.6342 0.7727
1.17354 4.47528 0.86353 1.1949 0.5102 0.4849 -0.0856 0.8704
1.1037 4.72372 0.948783 1.2922 0.2324 0.4849 -0.0856 0.8704
0.834304 4.53515 1.0584 0.9172 0.2324 0.4849 -0.0856 0.8704
0.774436 4.19591 0.86353 0.6394 0.5102 -0.0856 -0.4849 0.8704
1.02288 4.26575 0.948783 0.9172 0.6074 -0.0856 -0.4849 0.8704
0.834304 4.53515 1.0584 0.9172 0.2324 -0.0856 -0.4849 0.8704
0.961804 4.77776 0.86353 1.0878 0.0891 0.3054 0.9376 0.1663
1.1037 4.72372 0.948783 1.185 0.2324 0.3054 0.9376 0.1663
1.15346 4.75855 0.619949 0.81 0.2324 0.3054 0.9376 0.1663
0.933791 4.81778 0.376367 0.5322 0.0334 0.3869 0.9134 -0.1268
0.974135 4.82425 0.619949 0.81 0.0538 0.3869 0.9134 -0.1268
1.15346 4.75855 0.619949 0.81 0.2324 0.3869 0.9134 -0.1268
1.17354 4.47528 0.376367 0.5322 0.5102 0.9125 0.3019 -0.2759
1.1037 4.72372 0.291114 0.435 0.2324 0.9125 0.3019 -0.2759
1.15346 4.75855 0.619949 0.81 0.2324 0.9125 0.3019 -0.2759
1.17354 4.47528 0.86353 1.0878 0.5102 0.9125 0.3019 0.2759
1.29227 4.45433 0.619949 0.81 0.6074 0.9125 0.3019 0.2759
1.15346 4.75855 0.619949 0.81 0.2324 0.9125 0.3019 0.2759
0.933791 4.81778 0.376367 1.1949 0.0334 0.0141 0.5642 -0.8255
1.1037 4.72372 0.291114 1.2922 0.2324 0.0141 0.5642 -0.8255
0.834304 4.53515 0.181502 0.9172 0.2324 0.0141 0.5642 -0.8255
0.49507 4.59501 0.376367 0.6394 -0.0454 -0.4707 0.1583 -0.868
0.69518 4.7339 0.291114 0.9172 -0.0441999 -0.4707 0.1583 -0.868
0.834304 4.53515 0.181502 0.9172 0.2324 -0.4707 0.1583 -0.868
0.774436 4.19591 0.376367 0.6394 0.5102 -0.0856 -0.4849 -0.8704
0.56491 4.34657 0.291114 0.5422 0.2324 -0.0856 -0.4849 -0.8704
0.834304 4.53515 0.181502 0.9172 0.2324 -0.0856 -0.4849 -0.8704
1.17354 4.47528 0.376367 1.1949 0.5102 0.4849 -0.0856 -0.8704
1.02288 4.26575 0.291114 0.9172 0.6074 0.4849 -0.0856 -0.8704
0.834304 4.53515 0.181502 0.9172 0.2324 0.4849 -0.0856 -0.8704
0.774436 4.19591 0.376367 0.6394 0.4678 0.2139 -0.9127 -0.3482
1.02288 4.26575 0.291114 0.9172 0.565 0.2139 -0.9127 -0.3482
1.08573 4.17595 0.619949 0.9172 0.19 0.2139 -0.9127 -0.3482
0.774436 4.19591 0.86353 0.6394 -0.0878 0.2139 -0.9127 0.3482
0.753483 4.07718 0.619949 0.5422 0.19 0.2139 -0.9127 0.3482
1.08573 4.17595 0.619949 0.9172 0.19 0.2139 -0.9127 0.3482
1.17354 4.47528 0.86353 1.1949 -0.0878 0.7844 -0.5134 0.3482
1.02288 4.26575 0.948783 0.9172 -0.185 0.7844 -0.5134 0.3482
1.08573 4.17595 0.619949 0.9172 0.19 0.7844 -0.5134 0.3482
1.17354 4.47528 0.376367 1.1949 0.4678 0.7844 -0.5134 -0.3482
1.29227 4.45433 0.619949 1.2922 0.19 0.7844 -0.5134 -0.3482
1.08573 4.17595 0.619949 0.9172 0.19 0.7844 -0.5134 -0.3482
0.933791 4.81778 0.376367 1.1949 0.4678 -0.1476 0.9786 -0.1437
0.69518 4.7339 0.291114 0.9172 0.565 -0.1476 0.9786 -0.1437
0.642221 4.80956 0.619949 0.9172 0.19 -0.1476 0.9786 -0.1437
0.961804 4.77776 0.86353 1.1949 -0.0878 -0.102 0.9604 0.2592
0.974135 4.82425 0.619949 1.2369 0.19 -0.102 0.9604 0.2592
0.642221 4.80956 0.619949 0.9172 0.19 -0.102 0.9604 0.2592
0.49507 4.59501 0.86353 0.6394 -0.0878 -0.5445 0.7647 0.3446
0.713431 4.70782 0.948783 0.9172 -0.185 -0.5445 0.7647 0.3446
0.642221 4.80956 0.619949 0.9172 0.19 -0.5445 0.7647 0.3446
0.49507 4.59501 0.376367 0.6394 0.4678 -0.5896 0.7486 -0.3032
0.376338 4.61597 0.619949 0.5422 0.19 -0.5896 0.7486 -0.3032
0.642221 4.80956 0.619949 0.9172 0.19 -0.5896 0.7486 -0.3032
-0.782166 6.48875 0.359839 -0.0717 0.12 0.2407 -0.1992 -0.9499
-0.527033 7.27261 0.174912 -0.1689 0.3978 0.2407 -0.1992 -0.9499
0.375181 6.84384 0.578703 0.2061 0.3978 0.2407 -0.1992 -0.9499
0.444629 5.61671 0.526027 0.4839 0.12 -0.0922 0.0375 -0.995
-0.217085 5.99952 0.520378 0.2061 0.0829 -0.0922 0.0375 -0.995
0.375181 6.84384 0.578703 0.2061 0.3978 -0.0922 0.0375 -0.995
1.26897 6.63055 -0.239283 0.4839 0.6756 -0.6609 -0.441 -0.6072
1.12914 6.09536 0.399266 0.5811 0.3978 -0.6609 -0.441 -0.6072
0.375181 6.84384 0.578703 0.2061 0.3978 -0.6609 -0.441 -0.6072
0.04217 7.50259 -0.405471 -0.0717 0.6756 -0.0968 -0.842 -0.5308
0.857481 7.36832 -0.229495 0.2061 0.7728 -0.0968 -0.842 -0.5308
0.375181 6.84384 0.578703 0.2061 0.3978 -0.0968 -0.842 -0.5308
0.444629 5.61671 0.526027 0.2616 0.12 -0.5254 0.6239 -0.5786
1.12914 6.09536 0.399266 0.1643 0.3978 -0.5254 0.6239 -0.5786
1.25427 5.18437 -0.675357 0.6486 0.3983 -0.5254 0.6239 -0.5786
0.21946 4.71748 -1.67379 1.1251 0.2621 -0.3061 0.9439 -0.1241
0.559411 4.9181 -0.352766 0.6486 0.1343 -0.3061 0.9439 -0.1241
1.25427 5.18437 -0.675357 0.6486 0.3983 -0.3061 0.9439 -0.1241
0.844231 5.48587 -2.25383 1.1251 0.6831 -0.8591 0.4132 0.3021
0.589097 4.70201 -2.0689 1.2223 0.4053 -0.8591 0.4132 0.3021
1.25427 5.18437 -0.675357 0.6486 0.3983 -0.8591 0.4132 0.3021
1.26897 6.63055 -0.239283 0.2616 0.6756 -0.9657 0.0839 -0.2457
1.56221 6.15143 -1.28376 0.6486 0.8101 -0.9657 0.0839 -0.2457
1.25427 5.18437 -0.675357 0.6486 0.3983 -0.9657 0.0839 -0.2457
0.21946 4.71748 -1.67379 0.5184 0.2621 0.3595 0.8624 0.3563
0.589097 4.70201 -2.0689 0.6156 0.4053 0.3595 0.8624 0.3563
-0.280067 5.20205 -2.34268 0.2406 0.4053 0.3595 0.8624 0.3563
-1.08999 5.48786 -1.76324 -0.0372 0.2063 0.5722 0.6739 0.4674
-0.471275 5.03535 -1.80596 0.2406 0.2267 0.5722 0.6739 0.4674
-0.280067 5.20205 -2.34268 0.2406 0.4053 0.5722 0.6739 0.4674
-0.382564 6.35791 -2.42001 -0.0372 0.6831 0.0746 0.0732 0.9945
-1.06708 5.87927 -2.29325 -0.1344 0.4053 0.0746 0.0732 0.9945
-0.280067 5.20205 -2.34268 0.2406 0.4053 0.0746 0.0732 0.9945
0.844231 5.48587 -2.25383 0.5184 0.6831 -0.1319 0.22 0.9665
0.277365 5.97511 -2.40116 0.2406 0.7174 -0.1319 0.22 0.9665
-0.280067 5.20205 -2.34268 0.2406 0.4053 -0.1319 0.22 0.9665
-1.08999 5.48786 -1.76324 1.1251 0.2063 0.9891 -0.0214 0.1454
-1.06708 5.87927 -2.29325 1.2223 0.4053 0.9891 -0.0214 0.1454
-1.17093 6.90826 -1.00389 0.6486 0.3983 0.9891 -0.0214 0.1454
-0.782166 6.48875 0.359839 0.2616 0.12 0.8568 -0.3708 -0.3583
-1.31863 6.13828 -0.544252 0.6486 0.0944 0.8568 -0.3708 -0.3583
-1.17093 6.90826 -1.00389 0.6486 0.3983 0.8568 -0.3708 -0.3583
0.04217 7.50259 -0.405471 0.2616 0.6756 0.4118 -0.9088 0.0678
-0.527033 7.27261 0.174912 0.1643 0.3978 0.4118 -0.9088 0.0678
-1.17093 6.90826 -1.00389 0.6486 0.3983 0.4118 -0.9088 0.0678
-0.382564 6.35791 -2.42001 1.1251 0.6831 0.5818 -0.5946 0.555
-0.438677 7.18365 -1.55464 0.7157 0.7143 0.5818 -0.5946 0.555
-1.17093 6.90826 -1.00389 0.6486 0.3983 0.5818 -0.5946 0.555
0.04217 7.50259 -0.405471 0.2616 1.0717 -0.2378 -0.9028 0.3584
-0.438677 7.18365 -1.55464 0.7157 1.1935 -0.2378 -0.9028 0.3584
0.745931 6.93749 -1.36217 0.6031 0.7816 -0.2378 -0.9028 0.3584
1.26897 6.63055 -0.239283 0.2616 0.5161 -0.7685 -0.6106 0.1911
0.857481 7.36832 -0.229495 0.1643 0.7939 -0.7685 -0.6106 0.1911
0.745931 6.93749 -1.36217 0.6031 0.7816 -0.7685 -0.6106 0.1911
0.844231 5.48587 -2.25383 1.1251 0.4816 -0.5434 -0.4658 0.6984
1.56221 6.15143 -1.28376 0.6486 0.3698 -0.5434 -0.4658 0.6984
0.745931 6.93749 -1.36217 0.6031 0.7816 -0.5434 -0.4658 0.6984
-0.382564 6.35791 -2.42001 1.1251 1.0372 -0.3039 -0.6608 0.6863
0.277365 5.97511 -2.40116 1.1324 0.7594 -0.3039 -0.6608 0.6863
0.745931 6.93749 -1.36217 0.6031 0.7816 -0.3039 -0.6608 0.6863
-1.08999 5.48786 -1.76324 1.1251 1.0372 0.7005 0.6996 -0.1411
-1.31863 6.13828 -0.544252 0.6486 1.1935 0.7005 0.6996 -0.1411
-0.580805 5.28074 -0.26172 0.6486 0.7816 0.7005 0.6996 -0.1411
0.21946 4.71748 -1.67379 1.1251 0.4816 0.3466 0.9222 -0.1714
-0.471275 5.03535 -1.80596 1.167 0.7594 0.3466 0.9222 -0.1714
-0.580805 5.28074 -0.26172 0.6486 0.7816 0.3466 0.9222 -0.1714
0.444629 5.61671 0.526027 0.2616 0.5161 0.2645 0.7136 -0.6487
0.559411 4.9181 -0.352766 0.6486 0.3698 0.2645 0.7136 -0.6487
-0.580805 5.28074 -0.26172 0.6486 0.7816 0.2645 0.7136 -0.6487
-0.782166 6.48875 0.359839 0.2616 1.0717 0.6551 0.4292 -0.6219
-0.217085 5.99952 0.520378 0.2503 0.7939 0.6551 0.4292 -0.6219
-0.580805 5.28074 -0.26172 0.6486 0.7816 0.6551 0.4292 -0.6219
0.774101 5.42058 0.743969 0.0378 0.0481 0.8532 -0.3883 -0.3482
1.12562 6.29235 0.43345 -0.0594 0.3259 0.8532 -0.3883 -0.3482
1.52442 6.27375 1.63116 0.3156 0.3259 0.8532 -0.3883 -0.3482
0.774101 5.42058 2.51836 0.5934 0.0481 0.8532 -0.3883 0.3482
1.06982 5.09593 1.63116 0.3156 -0.0491 0.8532 -0.3883 0.3482
1.52442 6.27375 1.63116 0.3156 0.3259 0.8532 -0.3883 0.3482
0.85677 7.19305 2.51836 0.5934 0.6037 0.8857 0.3072 0.3482
1.12562 6.29235 2.82888 0.6906 0.3259 0.8857 0.3072 0.3482
1.52442 6.27375 1.63116 0.3156 0.3259 0.8857 0.3072 0.3482
0.85677 7.19305 0.743968 0.0378 0.6037 0.8857 0.3072 -0.3482
1.18142 7.48876 1.63116 0.3156 0.7009 0.8857 0.3072 -0.3482
1.52442 6.27375 1.63116 0.3156 0.3259 0.8857 0.3072 -0.3482
0.774101 5.42058 2.51836 0.1868 0.0481 0.2505 -0.434 0.8654
1.12562 6.29235 2.82888 0.0896 0.3259 0.2505 -0.434 0.8654
-0.070796 6.34815 3.22812 0.4646 0.3259 0.2505 -0.434 0.8654
-0.978349 5.93235 2.51836 0.7424 0.1826 -0.3671 -0.5178 0.7727
-0.106564 5.58126 2.82888 0.4646 0.0856 -0.3671 -0.5178 0.7727
-0.070796 6.34815 3.22812 0.4646 0.3259 -0.3671 -0.5178 0.7727
-0.915694 7.27571 2.51836 0.7424 0.6037 -0.3316 0.364 0.8704
-1.26721 6.40395 2.82888 0.8396 0.3259 -0.3316 0.364 0.8704
-0.070796 6.34815 3.22812 0.4646 0.3259 -0.3316 0.364 0.8704
0.85677 7.19305 2.51836 0.1868 0.6037 0.364 0.3316 0.8704
-0.014995 7.54456 2.82888 0.4646 0.7009 0.364 0.3316 0.8704
-0.070796 6.34815 3.22812 0.4646 0.3259 0.364 0.3316 0.8704
-0.978349 5.93235 2.51836 0.5934 0.1826 -0.8146 -0.5557 0.1663
-1.26721 6.40395 2.82888 0.6906 0.3259 -0.8146 -0.5557 0.1663
-1.48821 6.41426 1.63116 0.3156 0.3259 -0.8146 -0.5557 0.1663
-0.986639 5.75462 0.743969 0.0378 0.1269 -0.8643 -0.4867 -0.1268
-1.11736 5.82575 1.63116 0.3156 0.1473 -0.8643 -0.4867 -0.1268
-1.48821 6.41426 1.63116 0.3156 0.3259 -0.8643 -0.4867 -0.1268
-0.915694 7.27571 0.743968 0.0378 0.6037 -0.9069 0.3185 -0.2759
-1.26721 6.40395 0.43345 -0.0594 0.3259 -0.9069 0.3185 -0.2759
-1.48821 6.41426 1.63116 0.3156 0.3259 -0.9069 0.3185 -0.2759
-0.915694 7.27571 2.51836 0.5934 0.6037 -0.9069 0.3185 0.2759
-1.21141 7.60036 1.63116 0.3156 0.7009 -0.9069 0.3185 0.2759
-1.48821 6.41426 1.63116 0.3156 0.3259 -0.9069 0.3185 0.2759
-0.986639 5.75462 0.743969 0.7424 0.1269 -0.3559 -0.4381 -0.8255
-1.26721 6.40395 0.43345 0.8396 0.3259 -0.3559 -0.4381 -0.8255
-0.070796 6.34815 0.034212 0.4646 0.3259 -0.3559 -0.4381 -0.8255
0.774101 5.42058 0.743969 0.1868 0.0481 0.2759 -0.4129 -0.868
-0.111965 5.46547 0.43345 0.4646 0.0493 0.2759 -0.4129 -0.868
-0.070796 6.34815 0.034212 0.4646 0.3259 0.2759 -0.4129 -0.868
0.85677 7.19305 0.743968 0.1868 0.6037 0.364 0.3316 -0.8704
1.12562 6.29235 0.43345 0.0896 0.3259 0.364 0.3316 -0.8704
-0.070796 6.34815 0.034212 0.4646 0.3259 0.364 0.3316 -0.8704
-0.915694 7.27571 0.743968 0.7424 0.6037 -0.3316 0.364 -0.8704
-0.014995 7.54456 0.43345 0.4646 0.7009 -0.3316 0.364 -0.8704
-0.070796 6.34815 0.034212 0.4646 0.3259 -0.3316 0.364 -0.8704
0.85677 7.19305 0.743968 0.1868 0.9622 0.3883 0.8532 -0.3482
-0.014995 7.54456 0.43345 0.4646 1.0594 0.3883 0.8532 -0.3482
0.003605 7.94337 1.63116 0.4646 0.6844 0.3883 0.8532 -0.3482
0.85677 7.19305 2.51836 0.1868 0.4066 0.3883 0.8532 0.3482
1.18142 7.48876 1.63116 0.0896 0.6844 0.3883 0.8532 0.3482
0.003605 7.94337 1.63116 0.4646 0.6844 0.3883 0.8532 0.3482
-0.915694 7.27571 2.51836 0.7424 0.4066 -0.3072 0.8857 0.3482
-0.014995 7.54456 2.82888 0.4646 0.3094 -0.3072 0.8857 0.3482
0.003605 7.94337 1.63116 0.4646 0.6844 -0.3072 0.8857 0.3482
-0.915694 7.27571 0.743968 0.7424 0.9622 -0.3072 0.8857 -0.3482
-1.21141 7.60036 1.63116 0.8396 0.6844 -0.3072 0.8857 -0.3482
0.003605 7.94337 1.63116 0.4646 0.6844 -0.3072 0.8857 -0.3482
-0.986639 5.75462 0.743969 0.7424 0.9622 -0.481 -0.8648 -0.1436
-0.111965 5.46547 0.43345 0.4646 1.0594 -0.481 -0.8648 -0.1436
-0.127637 5.12946 1.63116 0.4646 0.6844 -0.481 -0.8648 -0.1436
-0.978349 5.93235 2.51836 0.7424 0.4066 -0.5061 -0.8226 0.2592
-1.11736 5.82575 1.63116 0.7843 0.6844 -0.5061 -0.8226 0.2592
-0.127637 5.12946 1.63116 0.4646 0.6844 -0.5061 -0.8226 0.2592
0.774101 5.42058 2.51836 0.1868 0.4066 -0.0362 -0.9381 0.3446
-0.106564 5.58126 2.82888 0.4646 0.3094 -0.0362 -0.9381 0.3446
-0.127637 5.12946 1.63116 0.4646 0.6844 -0.0362 -0.9381 0.3446
0.774101 5.42058 0.743969 0.1868 0.9622 0.0093 -0.9529 -0.3032
1.06982 5.09593 1.63116 0.0896 0.6844 0.0093 -0.9529 -0.3032
-0.127637 5.12946 1.63116 0.4646 0.6844 0.0093 -0.9529 -0.3032
-1.00525 3.99654 -0.471437 0.2141 0.0792 -0.9197 -0.1205 -0.3737
-1.08689 3.99713 -0.315788 0.1169 0.357 -0.9197 -0.1205 -0.3737
-1.07835 4.21623 -0.36236 0.4919 0.357 -0.9197 -0.1205 -0.3737
-1.05557 4.27472 -0.610486 0.7697 0.0792 -0.8541 -0.4833 -0.1923
-1.01008 4.13513 -0.549305 0.4919 0.0421 -0.8541 -0.4833 -0.1923
-1.07835 4.21623 -0.36236 0.4919 0.357 -0.8541 -0.4833 -0.1923
-1.3026 4.32454 -0.421414 0.7697 0.6348 -0.1934 -0.7471 -0.6359
-1.15482 4.37267 -0.503505 0.8669 0.357 -0.1934 -0.7471 -0.6359
-1.07835 4.21623 -0.36236 0.4919 0.357 -0.1934 -0.7471 -0.6359
-1.25228 4.04636 -0.282365 0.2141 0.6348 -0.3046 -0.1323 -0.9432
-1.2876 4.21853 -0.282023 0.4919 0.732 -0.3046 -0.1323 -0.9432
-1.07835 4.21623 -0.36236 0.4919 0.357 -0.3046 -0.1323 -0.9432
-1.05557 4.27472 -0.610486 0.598 0.0792 -0.387 -0.8221 0.4176
-1.15482 4.37267 -0.503505 0.5008 0.357 -0.387 -0.8221 0.4176
-1.33661 4.34469 -0.733183 0.9851 0.3575 -0.387 -0.8221 0.4176
-1.41552 4.08832 -0.897437 1.4615 0.2212 -0.1235 -0.5081 0.8524
-1.2068 4.25227 -0.788666 0.9851 0.0935 -0.1235 -0.5081 0.8524
-1.33661 4.34469 -0.733183 0.9851 0.3575 -0.1235 -0.5081 0.8524
-1.60274 4.12608 -0.754138 1.4615 0.6423 0.5726 -0.7324 0.3684
-1.5211 4.12549 -0.909786 1.5587 0.3645 0.5726 -0.7324 0.3684
-1.33661 4.34469 -0.733183 0.9851 0.3575 0.5726 -0.7324 0.3684
-1.3026 4.32454 -0.421414 0.598 0.6348 0.1793 -0.9803 -0.0829
-1.5073 4.31288 -0.55866 0.9851 0.7693 0.1793 -0.9803 -0.0829
-1.33661 4.34469 -0.733183 0.9851 0.3575 0.1793 -0.9803 -0.0829
-1.41552 4.08832 -0.897437 0.8042 0.2212 0.0341 0.2951 0.9549
-1.5211 4.12549 -0.909786 0.9014 0.3645 0.0341 0.2951 0.9549
-1.51069 3.92036 -0.842133 0.5264 0.3645 0.0341 0.2951 0.9549
-1.34043 3.80514 -0.777347 0.2486 0.1655 0.0712 0.5668 0.8208
-1.38889 3.93555 -0.855808 0.5264 0.1859 0.0712 0.5668 0.8208
-1.51069 3.92036 -0.842133 0.5264 0.3645 0.0712 0.5668 0.8208
-1.55242 3.8479 -0.615089 0.2486 0.6423 0.8443 0.4457 0.2974
-1.45317 3.74994 -0.72207 0.1514 0.3645 0.8443 0.4457 0.2974
-1.51069 3.92036 -0.842133 0.5264 0.3645 0.8443 0.4457 0.2974
-1.60274 4.12608 -0.754138 0.8042 0.6423 0.885 0.2206 0.4099
-1.59531 3.98824 -0.675709 0.5264 0.6766 0.885 0.2206 0.4099
-1.51069 3.92036 -0.842133 0.5264 0.3645 0.885 0.2206 0.4099
-1.34043 3.80514 -0.777347 1.4615 0.1655 -0.2882 0.9495 0.1242
-1.45317 3.74994 -0.72207 1.5587 0.3645 -0.2882 0.9495 0.1242
-1.23714 3.79476 -0.458304 0.9851 0.3575 -0.2882 0.9495 0.1242
-1.00525 3.99654 -0.471437 0.598 0.0792 -0.6282 0.6999 -0.3399
-1.11447 3.83626 -0.596072 0.9851 0.0536 -0.6282 0.6999 -0.3399
-1.23714 3.79476 -0.458304 0.9851 0.3575 -0.6282 0.6999 -0.3399
-1.25228 4.04636 -0.282365 0.598 0.6348 0.0229 0.5739 -0.8186
-1.08689 3.99713 -0.315788 0.5008 0.357 0.0229 0.5739 -0.8186
-1.23714 3.79476 -0.458304 0.9851 0.3575 0.0229 0.5739 -0.8186
-1.55242 3.8479 -0.615089 1.4615 0.6423 0.3375 0.8577 -0.388
-1.41289 3.87503 -0.410498 1.0521 0.6735 0.3375 0.8577 -0.388
-1.23714 3.79476 -0.458304 0.9851 0.3575 0.3375 0.8577 -0.388
-1.25228 4.04636 -0.282365 0.598 0.7859 0.5578 0.1045 -0.8234
-1.41289 3.87503 -0.410498 1.0521 0.9077 0.5578 0.1045 -0.8234
-1.47434 4.12207 -0.423181 0.9395 0.4958 0.5578 0.1045 -0.8234
-1.3026 4.32454 -0.421414 0.598 0.2303 0.5902 -0.4951 -0.6376
-1.2876 4.21853 -0.282023 0.5008 0.5081 0.5902 -0.4951 -0.6376
-1.47434 4.12207 -0.423181 0.9395 0.4958 0.5902 -0.4951 -0.6376
-1.60274 4.12608 -0.754138 1.4615 0.1958 0.925 -0.1208 -0.3603
-1.5073 4.31288 -0.55866 0.9851 0.084 0.925 -0.1208 -0.3603
-1.47434 4.12207 -0.423181 0.9395 0.4958 0.925 -0.1208 -0.3603
-1.55242 3.8479 -0.615089 1.4615 0.7514 0.8418 0.1274 -0.5246
-1.59531 3.98824 -0.675709 1.4688 0.4736 0.8418 0.1274 -0.5246
-1.47434 4.12207 -0.423181 0.9395 0.4958 0.8418 0.1274 -0.5246
-1.34043 3.80514 -0.777347 1.4615 0.7514 -0.5301 0.4364 0.727
-1.11447 3.83626 -0.596072 0.9851 0.9077 -0.5301 0.4364 0.727
-1.10034 4.0321 -0.738516 0.9851 0.4958 -0.5301 0.4364 0.727
-1.41552 4.08832 -0.897437 1.4615 0.1958 -0.4403 0.0633 0.8956
-1.38889 3.93555 -0.855808 1.5034 0.4736 -0.4403 0.0633 0.8956
-1.10034 4.0321 -0.738516 0.9851 0.4958 -0.4403 0.0633 0.8956
-1.05557 4.27472 -0.610486 0.598 0.2303 -0.7994 -0.1583 0.5795
-1.2068 4.25227 -0.788666 0.9851 0.084 -0.7994 -0.1583 0.5795
-1.10034 4.0321 -0.738516 0.9851 0.4958 -0.7994 -0.1583 0.5795
-1.00525 3.99654 -0.471437 0.598 0.7859 -0.8987 0.2584 0.3544
-1.01008 4.13513 -0.549305 0.5867 0.5081 -0.8987 0.2584 0.3544
-1.10034 4.0321 -0.738516 0.9851 0.4958 -0.8987 0.2584 0.3544
-1.01823 4.98682 -1.48963 0.5079 0.265 0.8532 -0.3883 -0.3482
-0.666711 5.85859 -1.80015 0.4106 0.5428 0.8532 -0.3883 -0.3482
-0.267907 5.83999 -0.602439 0.7856 0.5428 0.8532 -0.3883 -0.3482
-1.01823 4.98682 0.284756 1.0634 0.265 0.8532 -0.3883 0.3482
-0.722512 4.66217 -0.602439 0.7856 0.1678 0.8532 -0.3883 0.3482
-0.267907 5.83999 -0.602439 0.7856 0.5428 0.8532 -0.3883 0.3482
-0.935558 6.75928 0.284756 1.0634 0.8206 0.8857 0.3072 0.3482
-0.666711 5.85859 0.595274 1.1606 0.5428 0.8857 0.3072 0.3482
-0.267907 5.83999 -0.602439 0.7856 0.5428 0.8857 0.3072 0.3482
-0.935558 6.75928 -1.48963 0.5079 0.8206 0.8857 0.3072 -0.3482
-0.61091 7.055 -0.60244 0.7856 0.9178 0.8857 0.3072 -0.3482
-0.267907 5.83999 -0.602439 0.7856 0.5428 0.8857 0.3072 -0.3482
-1.01823 4.98682 0.284756 0.2907 0.265 0.2505 -0.434 0.8654
-0.666711 5.85859 0.595274 0.1934 0.5428 0.2505 -0.434 0.8654
-1.86312 5.91439 0.994512 0.5684 0.5428 0.2505 -0.434 0.8654
-2.77068 5.49859 0.284756 0.8462 0.3995 -0.3671 -0.5178 0.7727
-1.89889 5.1475 0.595275 0.5684 0.3024 -0.3671 -0.5178 0.7727
-1.86312 5.91439 0.994512 0.5684 0.5428 -0.3671 -0.5178 0.7727
-2.70802 6.84195 0.284756 0.8462 0.8206 -0.3316 0.364 0.8704
-3.05954 5.97019 0.595274 0.9434 0.5428 -0.3316 0.364 0.8704
-1.86312 5.91439 0.994512 0.5684 0.5428 -0.3316 0.364 0.8704
-0.935558 6.75928 0.284756 0.2907 0.8206 0.364 0.3316 0.8704
-1.80732 7.1108 0.595274 0.5684 0.9178 0.364 0.3316 0.8704
-1.86312 5.91439 0.994512 0.5684 0.5428 0.364 0.3316 0.8704
-2.77068 5.49859 0.284756 1.0634 0.3995 -0.8146 -0.5557 0.1663
-3.05954 5.97019 0.595274 1.1606 0.5428 -0.8146 -0.5557 0.1663
-3.28054 5.9805 -0.602439 0.7856 0.5428 -0.8146 -0.5557 0.1663
-2.77897 5.32086 -1.48963 0.5079 0.3438 -0.8643 -0.4867 -0.1268
-2.90969 5.39199 -0.602439 0.7856 0.3642 -0.8643 -0.4867 -0.1268
-3.28054 5.9805 -0.602439 0.7856 0.5428 -0.8643 -0.4867 -0.1268
-2.70802 6.84195 -1.48963 0.5079 0.8206 -0.9069 0.3185 -0.2759
-3.05954 5.97019 -1.80015 0.4106 0.5428 -0.9069 0.3185 -0.2759
-3.28054 5.9805 -0.602439 0.7856 0.5428 -0.9069 0.3185 -0.2759
-2.70802 6.84195 0.284756 1.0634 0.8206 -0.9069 0.3185 0.2759
-3.00374 7.1666 -0.60244 0.7856 0.9178 -0.9069 0.3185 0.2759
-3.28054 5.9805 -0.602439 0.7856 0.5428 -0.9069 0.3185 0.2759
-2.77897 5.32086 -1.48963 0.8462 0.3438 -0.3559 -0.4381 -0.8255
-3.05954 5.97019 -1.80015 0.9434 0.5428 -0.3559 -0.4381 -0.8255
-1.86312 5.91439 -2.19939 0.5684 0.5428 -0.3559 -0.4381 -0.8255
-1.01823 4.98682 -1.48963 0.2907 0.265 0.2759 -0.4129 -0.868
-1.90429 5.0317 -1.80015 0.5684 0.2661 0.2759 -0.4129 -0.868
-1.86312 5.91439 -2.19939 0.5684 0.5428 0.2759 -0.4129 -0.868
-0.935558 6.75928 -1.48963 0.2907 0.8206 0.364 0.3316 -0.8704
-0.666711 5.85859 -1.80015 0.1934 0.5428 0.364 0.3316 -0.8704
-1.86312 5.91439 -2.19939 0.5684 0.5428 0.364 0.3316 -0.8704
-2.70802 6.84195 -1.48963 0.8462 0.8206 -0.3316 0.364 -0.8704
-1.80732 7.1108 -1.80015 0.5684 0.9178 -0.3316 0.364 -0.8704
-1.86312 5.91439 -2.19939 0.5684 0.5428 -0.3316 0.364 -0.8704
-0.935558 6.75928 -1.48963 0.2907 0.4921 0.3883 0.8532 -0.3482
-1.80732 7.1108 -1.80015 0.5684 0.5894 0.3883 0.8532 -0.3482
-1.78872 7.5096 -0.60244 0.5684 0.2144 0.3883 0.8532 -0.3482
-0.935558 6.75928 0.284756 0.2907 -0.0634 0.3883 0.8532 0.3482
-0.61091 7.055 -0.60244 0.1934 0.2144 0.3883 0.8532 0.3482
-1.78872 7.5096 -0.60244 0.5684 0.2144 0.3883 0.8532 0.3482
-2.70802 6.84195 0.284756 0.8462 -0.0634 -0.3072 0.8857 0.3482
-1.80732 7.1108 0.595274 0.5684 -0.1606 -0.3072 0.8857 0.3482
-1.78872 7.5096 -0.60244 0.5684 0.2144 -0.3072 0.8857 0.3482
-2.70802 6.84195 -1.48963 0.8462 0.4921 -0.3072 0.8857 -0.3482
-3.00374 7.1666 -0.60244 0.9434 0.2144 -0.3072 0.8857 -0.3482
-1.78872 7.5096 -0.60244 0.5684 0.2144 -0.3072 0.8857 -0.3482
-2.77897 5.32086 -1.48963 0.8462 0.4921 -0.481 -0.8648 -0.1436
-1.90429 5.0317 -1.80015 0.5684 0.5894 -0.481 -0.8648 -0.1436
-1.91997 4.6957 -0.602439 0.5684 0.2144 -0.481 -0.8648 -0.1436
-2.77068 5.49859 0.284756 0.8462 -0.0634 -0.5061 -0.8226 0.2592
-2.90969 5.39199 -0.602439 0.8881 0.2144 -0.5061 -0.8226 0.2592
-1.91997 4.6957 -0.602439 0.5684 0.2144 -0.5061 -0.8226 0.2592
-1.01823 4.98682 0.284756 0.2907 -0.0634 -0.0362 -0.9381 0.3446
-1.89889 5.1475 0.595275 0.5684 -0.1606 -0.0362 -0.9381 0.3446
-1.91997 4.6957 -0.602439 0.5684 0.2144 -0.0362 -0.9381 0.3446
-1.01823 4.98682 -1.48963 0.2907 0.4921 0.0093 -0.9529 -0.3032
-0.722512 4.66217 -0.602439 0.1934 0.2144 0.0093 -0.9529 -0.3032
-1.91997 4.6957 -0.602439 0.5684 0.2144 0.0093 -0.9529 -0.3032
0.098042 5.82187 -0.170521 0.5079 0.4024 -0.9127 -0.2139 -0.3482
0.310735 5.06527 -0.430153 0.4106 0.6802 -0.9127 -0.2139 -0.3482
0.037264 4.87384 0.571284 0.7856 0.6802 -0.9127 -0.2139 -0.3482
0.098042 5.82187 1.31309 1.0634 0.4024 -0.9127 -0.2139 0.3482
-0.263545 5.88568 0.571284 0.7856 0.3052 -0.9127 -0.2139 0.3482
0.037264 4.87384 0.571284 0.7856 0.6802 -0.9127 -0.2139 0.3482
0.948827 4.60644 1.31309 1.0634 0.958 -0.5134 -0.7844 0.3482
0.310735 5.06527 1.57272 1.1606 0.6802 -0.5134 -0.7844 0.3482
0.037264 4.87384 0.571284 0.7856 0.6802 -0.5134 -0.7844 0.3482
0.948827 4.60644 -0.170521 0.5079 0.958 -0.5134 -0.7844 -0.3482
0.885015 4.24486 0.571284 0.7856 1.0552 -0.5134 -0.7844 -0.3482
0.037264 4.87384 0.571284 0.7856 0.6802 -0.5134 -0.7844 -0.3482
0.098042 5.82187 1.31309 -0.2122 0.4024 -0.4635 0.1905 0.8654
0.310735 5.06527 1.57272 -0.3094 0.6802 -0.4635 0.1905 0.8654
1.13115 5.63955 1.90653 0.0656 0.6802 -0.4635 0.1905 0.8654
1.51944 6.37841 1.31309 0.3434 0.5369 -0.0258 0.6342 0.7727
0.763042 6.16542 1.57272 0.0656 0.4399 -0.0258 0.6342 0.7727
1.13115 5.63955 1.90653 0.0656 0.6802 -0.0258 0.6342 0.7727
2.16425 5.45723 1.31309 0.3434 0.958 0.4849 -0.0856 0.8704
1.95156 6.21383 1.57272 0.4406 0.6802 0.4849 -0.0856 0.8704
1.13115 5.63955 1.90653 0.0656 0.6802 0.4849 -0.0856 0.8704
0.948827 4.60644 1.31309 -0.2122 0.958 -0.0856 -0.4849 0.8704
1.70543 4.81914 1.57272 0.0656 1.0552 -0.0856 -0.4849 0.8704
1.13115 5.63955 1.90653 0.0656 0.6802 -0.0856 -0.4849 0.8704
1.51944 6.37841 1.31309 1.0634 0.5369 0.3054 0.9376 0.1663
1.95156 6.21383 1.57272 1.1606 0.6802 0.3054 0.9376 0.1663
2.10311 6.31991 0.571284 0.7856 0.6802 0.3054 0.9376 0.1663
1.43413 6.50028 -0.170521 0.5079 0.4812 0.3869 0.9134 -0.1268
1.55699 6.51998 0.571284 0.7856 0.5016 0.3869 0.9134 -0.1268
2.10311 6.31991 0.571284 0.7856 0.6802 0.3869 0.9134 -0.1268
2.16425 5.45723 -0.170521 0.5079 0.958 0.9125 0.3019 -0.2759
1.95156 6.21383 -0.430153 0.4106 0.6802 0.9125 0.3019 -0.2759
2.10311 6.31991 0.571284 0.7856 0.6802 0.9125 0.3019 -0.2759
2.16425 5.45723 1.31309 1.0634 0.958 0.9125 0.3019 0.2759
2.52584 5.39341 0.571284 0.7856 1.0552 0.9125 0.3019 0.2759
2.10311 6.31991 0.571284 0.7856 0.6802 0.9125 0.3019 0.2759
1.43413 6.50028 -0.170521 0.3434 0.4812 0.0141 0.5642 -0.8255
1.95156 6.21383 -0.430153 0.4406 0.6802 0.0141 0.5642 -0.8255
1.13115 5.63955 -0.763965 0.0656 0.6802 0.0141 0.5642 -0.8255
0.098042 5.82187 -0.170521 -0.2122 0.4024 -0.4707 0.1583 -0.868
0.707459 6.24483 -0.430153 0.0656 0.4036 -0.4707 0.1583 -0.868
1.13115 5.63955 -0.763965 0.0656 0.6802 -0.4707 0.1583 -0.868
0.948827 4.60644 -0.170521 -0.2122 0.958 -0.0856 -0.4849 -0.8704
0.310735 5.06527 -0.430153 -0.3094 0.6802 -0.0856 -0.4849 -0.8704
1.13115 5.63955 -0.763965 0.0656 0.6802 -0.0856 -0.4849 -0.8704
2.16425 5.45723 -0.170521 0.3434 0.958 0.4849 -0.0856 -0.8704
1.70543 4.81914 -0.430153 0.0656 1.0552 0.4849 -0.0856 -0.8704
1.13115 5.63955 -0.763965 0.0656 0.6802 0.4849 -0.0856 -0.8704
0.948827 4.60644 -0.170521 -0.2122 0.4921 0.2139 -0.9127 -0.3482
1.70543 4.81914 -0.430153 0.0656 0.5894 0.2139 -0.9127 -0.3482
1.89685 4.54566 0.571284 0.0656 0.2144 0.2139 -0.9127 -0.3482
0.948827 4.60644 1.31309 -0.2122 -0.0634 0.2139 -0.9127 0.3482
0.885015 4.24486 0.571284 -0.3094 0.2144 0.2139 -0.9127 0.3482
1.89685 4.54566 0.571284 0.0656 0.2144 0.2139 -0.9127 0.3482
2.16425 5.45723 1.31309 0.3434 -0.0634 0.7844 -0.5134 0.3482
1.70543 4.81914 1.57272 0.0656 -0.1606 0.7844 -0.5134 0.3482
1.89685 4.54566 0.571284 0.0656 0.2144 0.7844 -0.5134 0.3482
2.16425 5.45723 -0.170521 0.3434 0.4921 0.7844 -0.5134 -0.3482
2.52584 5.39341 0.571284 0.4406 0.2144 0.7844 -0.5134 -0.3482
1.89685 4.54566 0.571284 0.0656 0.2144 0.7844 -0.5134 -0.3482
1.43413 6.50028 -0.170521 0.3434 0.4921 -0.1476 0.9786 -0.1436
0.707459 6.24483 -0.430153 0.0656 0.5894 -0.1476 0.9786 -0.1436
0.546176 6.47524 0.571284 0.0656 0.2144 -0.1476 0.9786 -0.1436
1.51944 6.37841 1.31309 0.3434 -0.0634 -0.102 0.9604 0.2592
1.55699 6.51998 0.571284 0.3853 0.2144 -0.102 0.9604 0.2592
0.546176 6.47524 0.571284 0.0656 0.2144 -0.102 0.9604 0.2592
0.098042 5.82187 1.31309 -0.2122 -0.0634 -0.5445 0.7647 0.3446
0.763042 6.16542 1.57272 0.0656 -0.1606 -0.5445 0.7647 0.3446
0.546176 6.47524 0.571284 0.0656 0.2144 -0.5445 0.7647 0.3446
0.098042 5.82187 -0.170521 -0.2122 0.4921 -0.5896 0.7486 -0.3032
-0.263545 5.88568 0.571284 -0.3094 0.2144 -0.5896 0.7486 -0.3032
0.546176 6.47524 0.571284 0.0656 0.2144 -0.5896 0.7486 -0.3032
-0.048785 3.37446 0.158147 0.4756 0.6564 -0.405 -0.125 0.9057
-0.027226 3.55956 0.178471 0.4864 0.6101 -0.405 -0.125 0.9057
-0.093586 3.63785 0.174476 0.4532 0.5905 -0.405 -0.125 0.9057
-0.186505 3.65754 0.126257 0.4067 0.5856 -0.4807 -0.1545 0.8632
-0.119695 3.5286 0.132854 0.4402 0.6178 -0.4807 -0.1545 0.8632
-0.093586 3.63785 0.174476 0.4532 0.5905 -0.4807 -0.1545 0.8632
0.000713 3.90429 0.148739 0.5004 0.5239 0.0505 0.0783 0.9956
-0.133231 3.7653 0.167677 0.4334 0.5587 0.0505 0.0783 0.9956
-0.093586 3.63785 0.174476 0.4532 0.5905 0.0505 0.0783 0.9956
0.247062 -0.034275 0.291888 0.6235 0.5086 0.3196 0.0475 0.9464
0.258059 0.218686 0.27526 0.629 0.4453 0.3196 0.0475 0.9464
0.027524 0.234066 0.352578 0.5138 0.4415 0.3196 0.0475 0.9464
-0.247061 -0.020315 0.291888 0.3765 0.5051 -0.3113 0.1109 0.9438
0 -0.027295 0.374748 0.5 0.5068 -0.3113 0.1109 0.9438
0.027524 0.234066 0.352578 0.5138 0.4415 -0.3113 0.1109 0.9438
-0.247061 -0.020315 0.291888 0.6243 0.5051 -0.9345 0.1709 0.3122
-0.203011 0.249445 0.27526 0.616 0.4376 -0.9345 0.1709 0.3122
-0.279857 0.254571 0.043306 0.5 0.4364 -0.9345 0.1709 0.3122
-0.247062 -0.020315 -0.205275 0.3757 0.5051 -0.9345 0.1709 -0.3122
-0.329415 -0.017988 0.043306 0.5 0.5045 -0.9345 0.1709 -0.3122
-0.279857 0.254571 0.043306 0.5 0.4364 -0.9345 0.1709 -0.3122
-0.247062 -0.020315 -0.205275 0.3765 0.5051 -0.3113 0.1109 -0.9438
-0.203012 0.249445 -0.188648 0.3985 0.4376 -0.3113 0.1109 -0.9438
0.027523 0.234066 -0.265966 0.5138 0.4415 -0.3113 0.1109 -0.9438
0.247061 -0.034275 -0.205276 0.6235 0.5086 0.3196 0.0475 -0.9464
-0 -0.027295 -0.288136 0.5 0.5068 0.3196 0.0475 -0.9464
0.027523 0.234066 -0.265966 0.5138 0.4415 0.3196 0.0475 -0.9464
-0.186505 3.65754 -0.126258 0.4067 0.5856 -0.4807 -0.1545 -0.8632
-0.133231 3.7653 -0.167678 0.4334 0.5587 -0.4807 -0.1545 -0.8632
-0.093586 3.63785 -0.174476 0.4532 0.5905 -0.4807 -0.1545 -0.8632
-0.048785 3.37446 -0.158147 0.4756 0.6564 -0.4307 -0.1286 -0.8933
-0.119695 3.5286 -0.132855 0.4402 0.6178 -0.4307 -0.1286 -0.8933
-0.093586 3.63785 -0.174476 0.4532 0.5905 -0.4307 -0.1286 -0.8933
-0.001589 3.89032 -0.153805 0.4992 0.5274 0.0421 0.0663 -0.9969
-0.027226 3.53575 -0.178472 0.4864 0.6161 0.0421 0.0663 -0.9969
-0.093586 3.63785 -0.174476 0.4532 0.5905 0.0421 0.0663 -0.9969
-0.048785 3.37446 -0.158147 0.4756 0.6564 -0.1498 -0.038 -0.988
-0.027226 3.53575 -0.178472 0.4864 0.6161 -0.1498 -0.038 -0.988
0.074185 3.52176 -0.182467 0.5371 0.6196 -0.1498 -0.038 -0.988
0.274511 3.36339 -0.156849 0.6373 0.6592 0.1311 0.0055 -0.9914
0.105589 3.32828 -0.190625 0.5528 0.6679 0.1311 0.0055 -0.9914
0.074185 3.52176 -0.182467 0.5371 0.6196 0.1311 0.0055 -0.9914
-0.001589 3.89032 -0.153805 0.4992 0.5274 -0.0043 0.0766 -0.997
0.202579 3.57508 -0.176443 0.6013 0.6062 -0.0043 0.0766 -0.997
0.074185 3.52176 -0.182467 0.5371 0.6196 -0.0043 0.0766 -0.997
0.247061 -0.034275 -0.205276 0.3757 0.5086 0.949 -0.0207 -0.3147
0.258059 0.218686 -0.188648 0.384 0.4453 0.949 -0.0207 -0.3147
0.334904 0.21356 0.043306 0.5 0.4466 0.949 -0.0207 -0.3147
0.247062 -0.034275 0.291888 0.6243 0.5086 0.949 -0.0207 0.3147
0.329415 -0.036602 0.043306 0.5 0.5092 0.949 -0.0207 0.3147
0.334904 0.21356 0.043306 0.5 0.4466 0.949 -0.0207 0.3147
0.274512 3.36339 0.156848 0.6373 0.6592 0.277 -0.0198 0.9607
0.377623 3.66161 0.12474 0.6888 0.5846 0.277 -0.0198 0.9607
0.2681 3.73458 0.166361 0.634 0.5664 0.277 -0.0198 0.9607
0.000713 3.90429 0.148739 0.5004 0.5239 -0.0199 0.0721 0.9972
0.194363 3.6065 0.176442 0.5972 0.5984 -0.0199 0.0721 0.9972
0.2681 3.73458 0.166361 0.634 0.5664 -0.0199 0.0721 0.9972
0.455911 3.95652 0.122547 0.728 0.5109 0.268 -0.0368 0.9627
0.298773 3.91357 0.156311 0.6494 0.5216 0.268 -0.0368 0.9627
0.2681 3.73458 0.166361 0.634 0.5664 0.268 -0.0368 0.9627
0.000713 3.90429 0.148739 0.5004 0.5239 -0.0712 0.1572 0.985
0.298773 3.91357 0.156311 0.6494 0.5216 -0.0712 0.1572 0.985
0.252682 4.00898 0.150257 0.6263 0.4978 -0.0712 0.1572 0.985
0.281356 4.10952 0.11046 0.6407 0.4726 -0.1379 0.3983 0.9068
0.165937 4.02705 0.128595 0.583 0.4932 -0.1379 0.3983 0.9068
0.252682 4.00898 0.150257 0.6263 0.4978 -0.1379 0.3983 0.9068
0.455911 3.95652 0.122547 0.728 0.5109 0.1413 0.0248 0.9896
0.372018 4.06791 0.141979 0.686 0.483 0.1413 0.0248 0.9896
0.252682 4.00898 0.150257 0.6263 0.4978 0.1413 0.0248 0.9896
0.000713 3.90429 0.148739 0.5004 0.4628 -0.396 0.8841 0.248
0.120923 4.02268 0.008114 0.5605 0.498 -0.396 0.8841 0.248
0.072628 3.99151 -0.047381 0.5363 0.5118 -0.396 0.8841 0.248
-0.001589 3.89032 -0.153805 0.4992 0.5385 -0.4929 0.7758 -0.3939
-0.029348 3.96098 -0.011846 0.4853 0.503 -0.4929 0.7758 -0.3939
0.072628 3.99151 -0.047381 0.5363 0.5118 -0.4929 0.7758 -0.3939
0.256441 4.09945 -0.101291 0.6282 0.5253 -0.5333 0.8322 -0.1519
0.141789 4.01146 -0.126567 0.5709 0.5316 -0.5333 0.8322 -0.1519
0.072628 3.99151 -0.047381 0.5363 0.5118 -0.5333 0.8322 -0.1519
0.000713 3.90429 0.148739 0.5004 0.4628 -0.5899 0.7843 0.192
0.165937 4.02705 0.128595 0.583 0.4679 -0.5899 0.7843 0.192
0.169218 4.05385 0.055495 0.5846 0.4861 -0.5899 0.7843 0.192
0.256441 4.09945 -0.101291 0.6282 0.5253 -0.602 0.7916 -0.1046
0.120923 4.02268 0.008114 0.5605 0.498 -0.602 0.7916 -0.1046
0.169218 4.05385 0.055495 0.5846 0.4861 -0.602 0.7916 -0.1046
0.281356 4.10952 0.11046 0.6407 0.4724 -0.5324 0.8004 0.2756
0.259185 4.12858 0.013873 0.6296 0.4965 -0.5324 0.8004 0.2756
0.169218 4.05385 0.055495 0.5846 0.4861 -0.5324 0.8004 0.2756
-0.001589 3.89032 -0.153805 0.4992 0.5274 -0.0103 0.0626 -0.998
0.307734 3.91357 -0.156312 0.6539 0.5216 -0.0103 0.0626 -0.998
0.268099 3.73458 -0.166362 0.634 0.5664 -0.0103 0.0626 -0.998
0.274511 3.36339 -0.156849 0.6373 0.6592 0.2921 -0.0195 -0.9562
0.202579 3.57508 -0.176443 0.6013 0.6062 0.2921 -0.0195 -0.9562
0.268099 3.73458 -0.166362 0.634 0.5664 0.2921 -0.0195 -0.9562
0.455911 3.95652 -0.122548 0.728 0.5109 0.2758 -0.0438 -0.9602
0.377623 3.66161 -0.124741 0.6888 0.5846 0.2758 -0.0438 -0.9602
0.268099 3.73458 -0.166362 0.634 0.5664 0.2758 -0.0438 -0.9602
0.256441 4.09945 -0.101291 0.6282 0.4751 -0.1741 0.4743 -0.863
0.372018 4.06791 -0.14198 0.686 0.483 -0.1741 0.4743 -0.863
0.252682 4.00898 -0.150258 0.6263 0.4978 -0.1741 0.4743 -0.863
-0.001589 3.89032 -0.153805 0.4992 0.5274 -0.07 0.1794 -0.9813
0.141789 4.01146 -0.126567 0.5709 0.4971 -0.07 0.1794 -0.9813
0.252682 4.00898 -0.150258 0.6263 0.4978 -0.07 0.1794 -0.9813
0.455911 3.95652 -0.122548 0.728 0.5109 0.1432 0.0322 -0.9892
0.307734 3.91357 -0.156312 0.6539 0.5216 0.1432 0.0322 -0.9892
0.252682 4.00898 -0.150258 0.6263 0.4978 0.1432 0.0322 -0.9892
-0.048785 3.37446 -0.158147 0.4209 0.6564 -0.9213 -0.3133 -0.2306
-0.088804 3.33997 -0 0.5 0.665 -0.9213 -0.3133 -0.2306
-0.128398 3.49219 -0 0.5 0.627 -0.9213 -0.3133 -0.2306
-0.186505 3.65754 -0.126258 0.4369 0.5856 -0.8567 -0.4675 -0.218
-0.119695 3.5286 -0.132855 0.4336 0.6178 -0.8567 -0.4675 -0.218
-0.128398 3.49219 -0 0.5 0.627 -0.8567 -0.4675 -0.218
-0.186505 3.65754 0.126257 0.5631 0.5856 -0.8567 -0.4675 0.218
-0.204263 3.62162 -0 0.5 0.5946 -0.8567 -0.4675 0.218
-0.128398 3.49219 -0 0.5 0.627 -0.8567 -0.4675 0.218
-0.048785 3.37446 0.158147 0.5791 0.6564 -0.9213 -0.3133 0.2306
-0.119695 3.5286 0.132854 0.5664 0.6178 -0.9213 -0.3133 0.2306
-0.128398 3.49219 -0 0.5 0.627 -0.9213 -0.3133 0.2306
0.455911 3.95652 -0.122548 0.4387 0.5109 0.8948 -0.2572 -0.3649
0.504347 3.92555 -1e-006 0.5 0.5186 0.8948 -0.2572 -0.3649
0.414131 3.63728 -1e-006 0.5 0.5907 0.8948 -0.2572 -0.3649
0.274511 3.36339 -0.156849 0.4216 0.6592 0.8998 -0.2565 -0.353
0.377623 3.66161 -0.124741 0.4376 0.5846 0.8998 -0.2565 -0.353
0.414131 3.63728 -1e-006 0.5 0.5907 0.8998 -0.2565 -0.353
0.274512 3.36339 0.156848 0.5784 0.6592 0.8998 -0.2565 0.353
0.334323 3.33808 -1e-006 0.5 0.6655 0.8998 -0.2565 0.353
0.414131 3.63728 -1e-006 0.5 0.5907 0.8998 -0.2565 0.353
0.455911 3.95652 0.122547 0.5613 0.5109 0.8948 -0.2572 0.3649
0.377623 3.66161 0.12474 0.5624 0.5846 0.8948 -0.2572 0.3649
0.414131 3.63728 -1e-006 0.5 0.5907 0.8948 -0.2572 0.3649
-0.048785 3.37446 0.158147 0.4756 0.6564 -0.1526 -0.0357 0.9876
0.105589 3.32828 0.190625 0.5528 0.6679 -0.1526 -0.0357 0.9876
0.074185 3.52176 0.182466 0.5371 0.6196 -0.1526 -0.0357 0.9876
0.000713 3.90429 0.148739 0.5004 0.5239 -0.0091 0.0861 0.9962
-0.027226 3.55956 0.178471 0.4864 0.6101 -0.0091 0.0861 0.9962
0.074185 3.52176 0.182466 0.5371 0.6196 -0.0091 0.0861 0.9962
0.274512 3.36339 0.156848 0.6373 0.6592 0.1331 0.008 0.9911
0.194363 3.6065 0.176442 0.5972 0.5984 0.1331 0.008 0.9911
0.074185 3.52176 0.182466 0.5371 0.6196 0.1331 0.008 0.9911
0.274512 3.36339 0.156848 0.5784 0.6592 0.929 -0.1338 0.3451
0.249692 3.13561 0.149339 0.5747 0.7161 0.929 -0.1338 0.3451
0.299039 3.12906 -1e-006 0.5 0.7177 0.929 -0.1338 0.3451
0.274511 3.36339 -0.156849 0.4216 0.6592 0.929 -0.1338 -0.3451
0.334323 3.33808 -1e-006 0.5 0.6655 0.929 -0.1338 -0.3451
0.299039 3.12906 -1e-006 0.5 0.7177 0.929 -0.1338 -0.3451
0.101651 3.15527 -0.19912 0.5508 0.2112 -0.3202 -0.0488 -0.9461
-0.012697 2.20046 -0.110529 0.4937 0.4499 -0.3202 -0.0488 -0.9461
-0.197681 2.20338 -0.048762 0.4012 0.4492 -0.3202 -0.0488 -0.9461
0.299039 3.12906 -1e-006 0.5 0.2177 0.9424 -0.1117 -0.3151
0.233948 2.19657 0.136539 0.5 0.4509 0.9424 -0.1117 -0.3151
0.172287 2.19755 -0.048762 0.4073 0.4506 0.9424 -0.1117 -0.3151
0.274511 3.36339 -0.156849 0.6373 0.6592 0.2556 -0.016 -0.9667
0.249692 3.13561 -0.14934 0.6248 0.7161 0.2556 -0.016 -0.9667
0.101651 3.15527 -0.19912 0.5508 0.7112 0.2556 -0.016 -0.9667
-0.048785 3.37446 -0.158147 0.4756 0.6564 -0.2624 0.0003 -0.965
0.105589 3.32828 -0.190625 0.5528 0.6679 -0.2624 0.0003 -0.965
0.101651 3.15527 -0.19912 0.5508 0.7112 -0.2624 0.0003 -0.965
0.101651 3.15527 0.199119 0.5508 0.2112 0.3231 0.1437 0.9354
-0.012697 2.20046 0.383607 0.4937 0.4499 0.3231 0.1437 0.9354
0.172287 2.19755 0.32184 0.5861 0.4506 0.3231 0.1437 0.9354
-0.095737 3.18147 -0 0.5 0.2046 -0.9287 0.1996 0.3126
-0.259342 2.20435 0.136539 0.5 0.4489 -0.9287 0.1996 0.3126
-0.197681 2.20338 0.32184 0.5927 0.4492 -0.9287 0.1996 0.3126
-0.048785 3.37446 -0.158147 0.4209 0.6564 -0.9604 0.0053 -0.2786
-0.04639 3.17492 -0.14934 0.4253 0.7063 -0.9604 0.0053 -0.2786
-0.095737 3.18147 -0 0.5 0.7046 -0.9604 0.0053 -0.2786
-0.048785 3.37446 0.158147 0.5791 0.6564 -0.9604 0.0053 0.2786
-0.088804 3.33997 -0 0.5 0.665 -0.9604 0.0053 0.2786
-0.095737 3.18147 -0 0.5 0.7046 -0.9604 0.0053 0.2786
0.249692 3.13561 -0.14934 0.6248 0.2161 0.3074 -0.1254 -0.9433
0.172287 2.19755 -0.048762 0.5861 0.4506 0.3074 -0.1254 -0.9433
-0.012697 2.20046 -0.110529 0.4937 0.4499 0.3074 -0.1254 -0.9433
0.249692 3.13561 0.149339 0.5747 0.2161 0.9488 -0.0202 0.3152
0.172287 2.19755 0.32184 0.5927 0.4506 0.9488 -0.0202 0.3152
0.233948 2.19657 0.136539 0.5 0.4509 0.9488 -0.0202 0.3152
-0.048785 3.37446 0.158147 0.4756 0.6564 -0.2624 0.0003 0.965
-0.04639 3.17492 0.149339 0.4768 0.7063 -0.2624 0.0003 0.965
0.101651 3.15527 0.199119 0.5508 0.7112 -0.2624 0.0003 0.965
0.274512 3.36339 0.156848 0.6373 0.6592 0.2556 -0.016 0.9666
0.105589 3.32828 0.190625 0.5528 0.6679 0.2556 -0.016 0.9666
0.101651 3.15527 0.199119 0.5508 0.7112 0.2556 -0.016 0.9666
-0.04639 3.17492 0.149339 0.4768 0.2063 -0.2973 0.2135 0.9306
-0.197681 2.20338 0.32184 0.4012 0.4492 -0.2973 0.2135 0.9306
-0.012697 2.20046 0.383607 0.4937 0.4499 -0.2973 0.2135 0.9306
-0.04639 3.17492 -0.14934 0.4253 0.2063 -0.9422 0.1139 -0.3151
-0.197681 2.20338 -0.048762 0.4073 0.4492 -0.9422 0.1139 -0.3151
-0.259342 2.20435 0.136539 0.5 0.4489 -0.9422 0.1139 -0.3151
0.595571 4.23141 0.093747 0.5469 0.4421 0.8638 -0.3928 0.3156
0.541484 4.11753 0.100032 0.55 0.4706 0.8638 -0.3928 0.3156
0.570853 4.10174 -0 0.5 0.4746 0.8638 -0.3928 0.3156
0.595571 4.23141 -0.093748 0.4531 0.4421 0.8638 -0.3928 -0.3156
0.623095 4.21661 -0 0.5 0.4458 0.8638 -0.3928 -0.3156
0.570853 4.10174 -0 0.5 0.4746 0.8638 -0.3928 -0.3156
0.455911 3.95652 -0.122548 0.4387 0.5109 0.8544 -0.3603 -0.3744
0.541484 4.11753 -0.100033 0.45 0.4706 0.8544 -0.3603 -0.3744
0.570853 4.10174 -0 0.5 0.4746 0.8544 -0.3603 -0.3744
0.455911 3.95652 0.122547 0.5613 0.5109 0.8544 -0.3603 0.3744
0.504347 3.92555 -1e-006 0.5 0.5186 0.8544 -0.3603 0.3744
0.570853 4.10174 -0 0.5 0.4746 0.8544 -0.3603 0.3744
0.595571 4.23141 -0.093748 0.7978 0.4421 0.3078 -0.0939 -0.9468
0.541484 4.11753 -0.100033 0.7707 0.4706 0.3078 -0.0939 -0.9468
0.453378 4.1649 -0.133377 0.7267 0.4588 0.3078 -0.0939 -0.9468
0.43043 4.32019 -0.093748 0.7152 0.42 -0.2481 0.2049 -0.9468
0.513001 4.2758 -0.124997 0.7565 0.431 -0.2481 0.2049 -0.9468
0.453378 4.1649 -0.133377 0.7267 0.4588 -0.2481 0.2049 -0.9468
0.256441 4.09945 -0.101291 0.6282 0.4751 -0.239 0.2606 -0.9354
0.365272 4.21227 -0.100033 0.6826 0.4469 -0.239 0.2606 -0.9354
0.453378 4.1649 -0.133377 0.7267 0.4588 -0.239 0.2606 -0.9354
0.455911 3.95652 -0.122548 0.728 0.5109 0.253 -0.0471 -0.9663
0.372018 4.06791 -0.14198 0.686 0.483 0.253 -0.0471 -0.9663
0.453378 4.1649 -0.133377 0.7267 0.4588 0.253 -0.0471 -0.9663
0.43043 4.32019 -0.093748 0.4531 0.42 -0.8041 0.5038 -0.3156
0.365272 4.21227 -0.100033 0.45 0.4469 -0.8041 0.5038 -0.3156
0.335903 4.22806 -0 0.5 0.443 -0.8041 0.5038 -0.3156
0.43043 4.32019 0.093747 0.5469 0.42 -0.8041 0.5038 0.3156
0.402907 4.33499 -0 0.5 0.4163 -0.8041 0.5038 0.3156
0.335903 4.22806 -0 0.5 0.443 -0.8041 0.5038 0.3156
0.281356 4.10952 0.11046 0.5552 0.4726 -0.7291 0.6151 0.3001
0.365272 4.21227 0.100032 0.55 0.4469 -0.7291 0.6151 0.3001
0.335903 4.22806 -0 0.5 0.443 -0.7291 0.6151 0.3001
0.256441 4.09945 -0.101291 0.4494 0.4751 -0.7404 0.6338 -0.2239
0.259185 4.12858 0.013873 0.5069 0.4679 -0.7404 0.6338 -0.2239
0.335903 4.22806 -0 0.5 0.443 -0.7404 0.6338 -0.2239
0.43043 4.32019 0.093747 0.7152 0.42 -0.2481 0.2049 0.9468
0.365272 4.21227 0.100032 0.6826 0.4469 -0.2481 0.2049 0.9468
0.453378 4.1649 0.133376 0.7267 0.4588 -0.2481 0.2049 0.9468
0.595571 4.23141 0.093747 0.7978 0.4421 0.3078 -0.0939 0.9468
0.513001 4.2758 0.124996 0.7565 0.431 0.3078 -0.0939 0.9468
0.453378 4.1649 0.133376 0.7267 0.4588 0.3078 -0.0939 0.9468
0.455911 3.95652 0.122547 0.728 0.5109 0.253 -0.0471 0.9663
0.541484 4.11753 0.100032 0.7707 0.4706 0.253 -0.0471 0.9663
0.453378 4.1649 0.133376 0.7267 0.4588 0.253 -0.0471 0.9663
0.281356 4.10952 0.11046 0.6407 0.4726 -0.2103 0.2637 0.9414
0.372018 4.06791 0.141979 0.686 0.483 -0.2103 0.2637 0.9414
0.453378 4.1649 0.133376 0.7267 0.4588 -0.2103 0.2637 0.9414
0.751871 4.83015 -0.052339 0.4738 0.2925 -0.7911 0.5243 -0.315
0.43043 4.32019 -0.093748 0.4531 0.42 -0.7911 0.5243 -0.315
0.402907 4.33499 -0 0.5 0.4163 -0.7911 0.5243 -0.315
0.84066 4.78242 -0.052339 0.9203 0.3044 0.3194 -0.0711 -0.9449
0.595571 4.23141 -0.093748 0.7978 0.4421 0.3194 -0.0711 -0.9449
0.513001 4.2758 -0.124997 0.7565 0.431 0.3194 -0.0711 -0.9449
0.855458 4.77446 -0.001935 0.499 0.3064 0.8758 -0.3659 -0.3149
0.623095 4.21661 -0 0.5 0.4458 0.8758 -0.3659 -0.3149
0.595571 4.23141 -0.093748 0.4531 0.4421 0.8758 -0.3659 -0.3149
0.751871 4.83015 0.048469 0.8759 0.2925 -0.2333 0.2309 0.9446
0.43043 4.32019 0.093747 0.7152 0.42 -0.2333 0.2309 0.9446
0.513001 4.2758 0.124996 0.7565 0.431 -0.2333 0.2309 0.9446
0.737073 4.83811 -0.001935 0.499 0.2905 -0.79 0.5259 0.315
0.402907 4.33499 -0 0.5 0.4163 -0.79 0.5259 0.315
0.43043 4.32019 0.093747 0.5469 0.42 -0.79 0.5259 0.315
0.796266 4.80629 -0.06914 0.8981 0.2984 -0.2363 0.2257 -0.9451
0.513001 4.2758 -0.124997 0.7565 0.431 -0.2363 0.2257 -0.9451
0.43043 4.32019 -0.093748 0.7152 0.42 -0.2363 0.2257 -0.9451
0.84066 4.78242 0.048469 0.5242 0.3044 0.8766 -0.364 0.3148
0.595571 4.23141 0.093747 0.5469 0.4421 0.8766 -0.364 0.3148
0.623095 4.21661 -0 0.5 0.4458 0.8766 -0.364 0.3148
0.796266 4.80629 0.06527 0.8981 0.2984 0.3221 -0.0657 0.9444
0.513001 4.2758 0.124996 0.7565 0.431 0.3221 -0.0657 0.9444
0.595571 4.23141 0.093747 0.7978 0.4421 0.3221 -0.0657 0.9444
-0.186505 3.65754 0.126257 0.4067 0.4684 -0.7187 -0.6117 0.3307
-0.292088 3.785 0.111346 0.3572 0.4694 -0.7187 -0.6117 0.3307
-0.282015 3.70655 0.009347 0.3469 0.5 -0.7187 -0.6117 0.3307
-0.186505 3.65754 -0.126258 0.4067 0.5316 -0.7056 -0.6598 -0.2585
-0.204263 3.62162 -0 0.3979 0.5 -0.7056 -0.6598 -0.2585
-0.282015 3.70655 0.009347 0.3469 0.5 -0.7056 -0.6598 -0.2585
0.000713 3.90429 0.148739 0.5004 0.5239 -0.0993 0.4121 0.9057
-0.184253 3.99786 0.056276 0.4187 0.5103 -0.0993 0.4121 0.9057
-0.247519 3.90575 0.12087 0.3879 0.5368 -0.0993 0.4121 0.9057
-0.186505 3.65754 0.126257 0.4067 0.5856 -0.3405 -0.0633 0.9381
-0.133231 3.7653 0.167677 0.4334 0.5587 -0.3405 -0.0633 0.9381
-0.247519 3.90575 0.12087 0.3879 0.5368 -0.3405 -0.0633 0.9381
-0.001589 3.89032 -0.153805 0.4992 0.5385 0.3067 0.8326 -0.4613
-0.128162 3.91192 -0.166079 0.4187 0.5306 0.3067 0.8326 -0.4613
-0.138235 3.99037 -0.06408 0.429 0.5 0.3067 0.8326 -0.4613
0.000713 3.90429 0.148739 0.5004 0.4628 0.3024 0.9358 0.181
-0.029348 3.96098 -0.011846 0.4853 0.503 0.3024 0.9358 0.181
-0.138235 3.99037 -0.06408 0.429 0.5 0.3024 0.9358 0.181
-0.186505 3.65754 -0.126258 0.4067 0.5856 -0.3034 -0.3024 -0.9036
-0.235997 3.69906 -0.111008 0.3572 0.5632 -0.3034 -0.3024 -0.9036
-0.172731 3.79117 -0.175603 0.3879 0.5368 -0.3034 -0.3024 -0.9036
-0.001589 3.89032 -0.153805 0.4992 0.5274 0.1226 0.0066 -0.9924
-0.133231 3.7653 -0.167678 0.4334 0.5587 0.1226 0.0066 -0.9924
-0.172731 3.79117 -0.175603 0.3879 0.5368 0.1226 0.0066 -0.9924
-1.21425 4.15593 -0.51054 0.8743 0.5252 -0.5415 -0.825 -0.1614
-1.10528 4.07353 -0.455441 0.927 0.5262 -0.5415 -0.825 -0.1614
-1.14874 4.08243 -0.354569 0.9162 0.5 -0.5415 -0.825 -0.1614
-1.26043 4.22669 -0.327466 0.8743 0.4748 -0.6845 -0.606 0.4053
-1.25981 4.16711 -0.415318 0.8621 0.5 -0.6845 -0.606 0.4053
-1.14874 4.08243 -0.354569 0.9162 0.5 -0.6845 -0.606 0.4053
-1.26043 4.22669 -0.327466 0.8743 0.4067 -0.4415 0.1038 0.8912
-1.15322 4.14699 -0.265374 0.927 0.4324 -0.4415 0.1038 0.8912
-1.10272 4.24272 -0.251211 0.9594 0.4123 -0.4415 0.1038 0.8912
-1.12558 4.37191 -0.349577 0.9475 0.3729 -0.0474 0.5998 0.7988
-1.2007 4.3111 -0.308009 0.9109 0.3898 -0.0474 0.5998 0.7988
-1.10272 4.24272 -0.251211 0.9594 0.4123 -0.0474 0.5998 0.7988
-1.12558 4.37191 -0.349577 -0.0525 0.4748 0.4862 0.8638 0.1323
-1.03624 4.31397 -0.300404 -0.0082 0.4738 0.4862 0.8638 0.1323
-0.992769 4.30507 -0.401276 0.0026 0.5 0.4862 0.8638 0.1323
-1.0794 4.30116 -0.532651 -0.0525 0.5252 0.6291 0.6449 -0.4341
-1.08002 4.36074 -0.4448 -0.0403 0.5 0.6291 0.6449 -0.4341
-0.992769 4.30507 -0.401276 0.0026 0.5 0.6291 0.6449 -0.4341
-1.0794 4.30116 -0.532651 0.9475 0.3729 0.3862 -0.0646 -0.9202
-0.988293 4.24051 -0.490471 0.9918 0.3921 0.3862 -0.0646 -0.9202
-1.03879 4.14478 -0.504634 0.9594 0.4123 0.3862 -0.0646 -0.9202
-1.21425 4.15593 -0.51054 0.8743 0.4067 -0.0078 -0.5607 -0.828
-1.13913 4.21675 -0.552108 0.9109 0.3898 -0.0078 -0.5607 -0.828
-1.03879 4.14478 -0.504634 0.9594 0.4123 -0.0078 -0.5607 -0.828
-1.26043 4.22669 -0.327466 0.5504 0.4067 -0.8621 -0.42 0.2834
-1.3569 4.36715 -0.414189 0.5467 0.3647 -0.8621 -0.42 0.2834
-1.35925 4.31482 -0.497492 0.5 0.3691 -0.8621 -0.42 0.2834
-1.21425 4.15593 -0.51054 0.4496 0.4067 -0.7213 -0.6357 -0.2748
-1.25981 4.16711 -0.415318 0.5 0.4123 -0.7213 -0.6357 -0.2748
-1.35925 4.31482 -0.497492 0.5 0.3691 -0.7213 -0.6357 -0.2748
-1.12558 4.37191 -0.349577 0.9475 0.3729 0.0112 0.5554 0.8315
-1.21438 4.48432 -0.423521 0.9049 0.3387 0.0112 0.5554 0.8315
-1.29277 4.43667 -0.390569 0.8667 0.3517 0.0112 0.5554 0.8315
-1.26043 4.22669 -0.327466 0.8743 0.4067 -0.5099 0.1746 0.8423
-1.2007 4.3111 -0.308009 0.9109 0.3898 -0.5099 0.1746 0.8423
-1.29277 4.43667 -0.390569 0.8667 0.3517 -0.5099 0.1746 0.8423
-1.0794 4.30116 -0.532651 0.4496 0.3729 0.8194 0.4759 -0.3195
-1.17156 4.41872 -0.593238 0.4533 0.3387 0.8194 0.4759 -0.3195
-1.16921 4.47105 -0.509935 0.5 0.3344 0.8194 0.4759 -0.3195
-1.12558 4.37191 -0.349577 0.5504 0.3729 0.6771 0.694 0.2448
-1.08002 4.36074 -0.4448 0.5 0.3672 0.6771 0.694 0.2448
-1.16921 4.47105 -0.509935 0.5 0.3344 0.6771 0.694 0.2448
-1.21425 4.15593 -0.51054 0.8743 0.4067 -0.078 -0.4871 -0.8698
-1.31409 4.30155 -0.583906 0.8286 0.3647 -0.078 -0.4871 -0.8698
-1.23569 4.34921 -0.616858 0.8667 0.3517 -0.078 -0.4871 -0.8698
-1.0794 4.30116 -0.532651 0.9475 0.3729 0.4452 -0.1095 -0.8887
-1.13913 4.21675 -0.552108 0.9109 0.3898 0.4452 -0.1095 -0.8887
-1.23569 4.34921 -0.616858 0.8667 0.3517 0.4452 -0.1095 -0.8887
-1.72066 5.17693 -0.848839 0.6648 0.1317 0.0279 0.5378 0.8426
-1.29277 4.43667 -0.390569 0.8667 0.3517 0.0279 0.5378 0.8426
-1.21438 4.48432 -0.423521 0.9049 0.3387 0.0279 0.5378 0.8426
-1.75964 5.14577 -0.864885 0.6422 0.1369 -0.5223 0.2091 0.8267
-1.3569 4.36715 -0.414189 0.8286 0.3647 -0.5223 0.2091 0.8267
-1.29277 4.43667 -0.390569 0.8667 0.3517 -0.5223 0.2091 0.8267
-1.64844 5.18745 -0.907712 0.5 0.1248 0.8621 0.4169 -0.2881
-1.16921 4.47105 -0.509935 0.5 0.3344 0.8621 0.4169 -0.2881
-1.17156 4.41872 -0.593238 0.4533 0.3387 0.8621 0.4169 -0.2881
-1.67409 5.19645 -0.862893 0.5249 0.1265 0.7188 0.6364 0.2798
-1.21438 4.48432 -0.423521 0.5467 0.3387 0.7188 0.6364 0.2798
-1.16921 4.47105 -0.509935 0.5 0.3344 0.7188 0.6364 0.2798
-1.69029 5.13039 -0.969241 0.6648 0.1317 -0.09 -0.4532 -0.8869
-1.23569 4.34921 -0.616858 0.8667 0.3517 -0.09 -0.4532 -0.8869
-1.31409 4.30155 -0.583906 0.8286 0.3647 -0.09 -0.4532 -0.8869
-1.65131 5.16155 -0.953195 0.6874 0.1265 0.4618 -0.1271 -0.8778
-1.17156 4.41872 -0.593238 0.9049 0.3387 0.4618 -0.1271 -0.8778
-1.23569 4.34921 -0.616858 0.8667 0.3517 0.4618 -0.1271 -0.8778
-1.76251 5.11987 -0.910368 0.5 0.1386 -0.9118 -0.3335 0.2395
-1.35925 4.31482 -0.497492 0.5 0.3691 -0.9118 -0.3335 0.2395
-1.3569 4.36715 -0.414189 0.5467 0.3647 -0.9118 -0.3335 0.2395
-1.73686 5.11087 -0.955186 0.4751 0.1369 -0.7702 -0.5505 -0.3221
-1.31409 4.30155 -0.583906 0.4533 0.3647 -0.7702 -0.5505 -0.3221
-1.35925 4.31482 -0.497492 0.5 0.3691 -0.7702 -0.5505 -0.3221
0.172287 2.19755 -0.048762 0.5861 -0.0494 0.3159 0.1096 -0.9424
0.291698 0.910173 -0.158604 0.6458 0.2725 0.3159 0.1096 -0.9424
0.090083 0.911859 -0.225907 0.545 0.272 0.3159 0.1096 -0.9424
-0.012697 2.20046 0.383607 0.4937 -0.0501 0.3163 -0.0271 0.9483
0.090084 0.911859 0.312519 0.545 0.272 0.3163 -0.0271 0.9483
0.291698 0.910173 0.245215 0.6458 0.2725 0.3163 -0.0271 0.9483
0.172287 2.19755 0.32184 0.5927 -0.0494 0.9466 0.0691 0.3148
0.291698 0.910173 0.245215 0.601 0.2725 0.9466 0.0691 0.3148
0.358903 0.909611 0.043306 0.5 0.2726 0.9466 0.0691 0.3148
-0.259342 2.20435 0.136539 0.5 -0.0511 -0.9457 -0.0818 0.3144
-0.178736 0.914107 0.043306 0.5 0.2715 -0.9457 -0.0818 0.3144
-0.111531 0.913545 0.245216 0.601 0.2716 -0.9457 -0.0818 0.3144
-0.012697 2.20046 -0.110529 0.4937 -0.0501 -0.3155 0.0596 -0.9471
0.090083 0.911859 -0.225907 0.545 0.272 -0.3155 0.0596 -0.9471
-0.111531 0.913545 -0.158603 0.4442 0.2716 -0.3155 0.0596 -0.9471
-0.197681 2.20338 0.32184 0.4012 -0.0508 -0.3166 -0.0774 0.9454
-0.111531 0.913545 0.245216 0.4442 0.2716 -0.3166 -0.0774 0.9454
0.090084 0.911859 0.312519 0.545 0.272 -0.3166 -0.0774 0.9454
0.233948 2.19657 0.136539 0.5 -0.0491 0.9428 0.1142 -0.3133
0.358903 0.909611 0.043306 0.5 0.2726 0.9428 0.1142 -0.3133
0.291698 0.910173 -0.158604 0.399 0.2725 0.9428 0.1142 -0.3133
-0.197681 2.20338 -0.048762 0.4073 -0.0508 -0.9482 -0.0365 -0.3154
-0.111531 0.913545 -0.158603 0.399 0.2716 -0.9482 -0.0365 -0.3154
-0.178736 0.914107 0.043306 0.5 0.2715 -0.9482 -0.0365 -0.3154
0.358903 0.909611 0.043306 0.5 0.2726 0.9484 -0.0326 -0.3153
0.334904 0.21356 0.043306 0.5 0.4466 0.9484 -0.0326 -0.3153
0.258059 0.218686 -0.188648 0.384 0.4453 0.9484 -0.0326 -0.3153
-0.111531 0.913545 0.245216 0.4442 0.2716 -0.3132 0.0854 0.9459
-0.203011 0.249445 0.27526 0.3985 0.4376 -0.3132 0.0854 0.9459
0.027524 0.234066 0.352578 0.5138 0.4415 -0.3132 0.0854 0.9459
0.090084 0.911859 0.312519 0.545 0.272 0.3182 0.0262 0.9477
0.027524 0.234066 0.352578 0.5138 0.4415 0.3182 0.0262 0.9477
0.258059 0.218686 0.27526 0.629 0.4453 0.3182 0.0262 0.9477
-0.111531 0.913545 -0.158603 0.399 0.2716 -0.9386 0.1437 -0.3135
-0.203012 0.249445 -0.188648 0.384 0.4376 -0.9386 0.1437 -0.3135
-0.279857 0.254571 0.043306 0.5 0.4364 -0.9386 0.1437 -0.3135
-0.178736 0.914107 0.043306 0.5 0.2715 -0.9386 0.1437 0.3135
-0.279857 0.254571 0.043306 0.5 0.4364 -0.9386 0.1437 0.3135
-0.203011 0.249445 0.27526 0.616 0.4376 -0.9386 0.1437 0.3135
0.291698 0.910173 -0.158604 0.6458 0.2725 0.3182 0.0262 -0.9477
0.258059 0.218686 -0.188648 0.629 0.4453 0.3182 0.0262 -0.9477
0.027523 0.234066 -0.265966 0.5138 0.4415 0.3182 0.0262 -0.9477
0.291698 0.910173 0.245215 0.601 0.2725 0.9484 -0.0326 0.3153
0.258059 0.218686 0.27526 0.616 0.4453 0.9484 -0.0326 0.3153
0.334904 0.21356 0.043306 0.5 0.4466 0.9484 -0.0326 0.3153
0.090083 0.911859 -0.225907 0.545 0.272 -0.3132 0.0854 -0.9459
0.027523 0.234066 -0.265966 0.5138 0.4415 -0.3132 0.0854 -0.9459
-0.203012 0.249445 -0.188648 0.3985 0.4376 -0.3132 0.0854 -0.9459
-1.03624 4.31397 -0.300404 -0.0082 0.4738 0.3241 0.944 0.0612
-0.184253 3.99786 0.056276 0.4187 0.4694 0.3241 0.944 0.0612
-0.138235 3.99037 -0.06408 0.429 0.5 0.3241 0.944 0.0612
-0.992769 4.30507 -0.401276 0.0026 0.5 0.4673 0.7247 -0.5065
-0.138235 3.99037 -0.06408 0.429 0.5 0.4673 0.7247 -0.5065
-0.128162 3.91192 -0.166079 0.4187 0.5306 0.4673 0.7247 -0.5065
-1.10528 4.07353 -0.455441 -0.073 0.5262 -0.3678 -0.9265 -0.0801
-0.235997 3.69906 -0.111008 0.3572 0.5306 -0.3678 -0.9265 -0.0801
-0.282015 3.70655 0.009347 0.3469 0.5 -0.3678 -0.9265 -0.0801
-0.988293 4.24051 -0.490471 -0.0082 0.3921 0.3379 -0.0455 -0.9401
-0.128162 3.91192 -0.166079 0.4187 0.5103 0.3379 -0.0455 -0.9401
-0.172731 3.79117 -0.175603 0.3879 0.5368 0.3379 -0.0455 -0.9401
-1.14874 4.08243 -0.354569 -0.0838 0.5 -0.5114 -0.7063 0.4894
-0.282015 3.70655 0.009347 0.3469 0.5 -0.5114 -0.7063 0.4894
-0.292088 3.785 0.111346 0.3572 0.4694 -0.5114 -0.7063 0.4894
-1.03879 4.14478 -0.504634 -0.0406 0.4123 0.0573 -0.6009 -0.7973
-0.172731 3.79117 -0.175603 0.3879 0.5368 0.0573 -0.6009 -0.7973
-0.235997 3.69906 -0.111008 0.3572 0.5632 0.0573 -0.6009 -0.7973
-1.15322 4.14699 -0.265374 -0.073 0.4324 -0.3769 0.0644 0.924
-0.292088 3.785 0.111346 0.3572 0.5632 -0.3769 0.0644 0.924
-0.247519 3.90575 0.12087 0.3879 0.5368 -0.3769 0.0644 0.924
-1.10272 4.24272 -0.251211 -0.0406 0.4123 -0.0959 0.6191 0.7794
-0.247519 3.90575 0.12087 0.3879 0.5368 -0.0959 0.6191 0.7794
-0.184253 3.99786 0.056276 0.4187 0.5103 -0.0959 0.6191 0.7794
