Vertex Count: 792

Data:

1.84335 0 0.807548 73.7979 14.3771 0.626413 0.463912 -0.626413
1.60642 0 0.570621 60.6063 14.3771 0.626413 0.463912 -0.626413
1.6712 0.265 0.831652 69.6764 2.60006 0.626413 0.463912 -0.626413
1.58176 0.265 0.742219 64.697 2.60006 0.626413 0.463912 -0.626413
1.6712 0.265 0.831652 69.6764 2.60006 0.626413 0.463912 -0.626413
1.60642 0 0.570621 60.6063 14.3771 0.626413 0.463912 -0.626413
1.6712 0.265 0.831652 65.7951 -31.7422 0 1 0
1.58176 0.265 0.742219 62.2741 -28.2212 0 1 0
1.60753 0.265 0.946226 63.2886 -36.253 0 1 0
1.60753 0.265 0.946226 63.2886 -36.253 0 1 0
1.58176 0.265 0.742219 62.2741 -28.2212 0 1 0
1.51654 0.265 0.931263 59.7065 -35.6639 0 1 0
1.51654 0.265 0.777847 59.7065 -29.6239 0 1 0
1.51654 0.265 0.931263 59.7065 -35.6639 0 1 0
1.58176 0.265 0.742219 62.2741 -28.2212 0 1 0
1.51654 0.265 0.931263 -36.6639 -35.941 -0.885881 0.463912 2.01839e-013
1.51654 0.265 0.777847 -30.6239 -35.941 -0.885881 0.463912 2.01839e-013
1.37777 0 1.04908 -41.3023 -24.164 -0.885881 0.463912 2.01839e-013
1.37777 0 0.695526 -27.3829 -24.164 -0.885881 0.463912 2.01839e-013
1.37777 0 1.04908 -41.3023 -24.164 -0.885881 0.463912 2.01839e-013
1.51654 0.265 0.777847 -30.6239 -35.941 -0.885881 0.463912 2.01839e-013
1.37777 0 0.695526 -54.243 -26.3829 0 -1 0
1.40304 0 0.681719 -55.238 -25.8393 0 -1 0
1.37777 0 1.04908 -54.243 -40.3023 0 -1 0
1.41117 0 1.05457 -55.5579 -40.5186 0 -1 0
1.37777 0 1.04908 -54.243 -40.3023 0 -1 0
1.40304 0 0.681719 -55.238 -25.8393 0 -1 0
1.37777 0 1.04908 -60.2262 15.8233 -0.143753 0.463912 0.87414
1.41117 0 1.05457 -61.5589 15.8233 -0.143753 0.463912 0.87414
1.51654 0.265 0.931263 -64.8646 4.04625 -0.143753 0.463912 0.87414
1.44186 0.0127292 1.05286 -62.7402 15.2576 -0.143753 0.463912 0.87414
1.51654 0.265 0.931263 -64.8646 4.04625 -0.143753 0.463912 0.87414
1.41117 0 1.05457 -61.5589 15.8233 -0.143753 0.463912 0.87414
1.6092 0.0384246 1.06675 -69.3296 14.1157 -0.143753 0.463912 0.87414
1.51654 0.265 0.931263 -64.8646 4.04625 -0.143753 0.463912 0.87414
1.44186 0.0127292 1.05286 -62.7402 15.2576 -0.143753 0.463912 0.87414
1.51654 0.265 0.931263 -64.8646 4.04625 -0.143753 0.463912 0.87414
1.6092 0.0384246 1.06675 -69.3296 14.1157 -0.143753 0.463912 0.87414
1.60753 0.265 0.946226 -68.4949 4.04625 -0.143753 0.463912 0.87414
1.60753 0.265 0.946226 -68.4949 4.04625 -0.143753 0.463912 0.87414
1.6092 0.0384246 1.06675 -69.3296 14.1157 -0.143753 0.463912 0.87414
1.68139 0 1.09901 -72.3404 15.8233 -0.143753 0.463912 0.87414
1.62996 0 1.09055 -70.2882 15.8233 -0.143753 0.463912 0.87414
1.68139 0 1.09901 -72.3404 15.8233 -0.143753 0.463912 0.87414
1.6092 0.0384246 1.06675 -69.3296 14.1157 -0.143753 0.463912 0.87414
1.68139 0 1.09901 -66.1966 -42.2681 0 -1 0
1.62996 0 1.09055 -64.1716 -41.9351 0 -1 0
1.84335 0 0.807548 -72.5727 -30.7932 0 -1 0
1.84335 0 0.807548 -72.5727 -30.7932 0 -1 0
1.62996 0 1.09055 -64.1716 -41.9351 0 -1 0
1.60642 0 0.570621 -63.2449 -21.4654 0 -1 0
1.62996 0 1.09055 -64.1716 -41.9351 0 -1 0
1.62996 0 1.29599 -64.1716 -50.0231 0 -1 0
1.60642 0 0.570621 -63.2449 -21.4654 0 -1 0
1.60642 0 0.570621 -63.2449 -21.4654 0 -1 0
1.62996 0 1.29599 -64.1716 -50.0231 0 -1 0
1.56612 0 0.592638 -61.6581 -22.3322 0 -1 0
1.56612 0 0.592638 -61.6581 -22.3322 0 -1 0
1.62996 0 1.29599 -64.1716 -50.0231 0 -1 0
1.49207 0 0.225122 -58.7429 -7.86306 0 -1 0
1.62996 0 1.29599 -64.1716 -50.0231 0 -1 0
1.44089 0 1.54599 -56.7279 -59.8656 0 -1 0
1.49207 0 0.225122 -58.7429 -7.86306 0 -1 0
1.44089 0 1.54599 -56.7279 -59.8656 0 -1 0
1.41117 0 1.05457 -55.5579 -40.5186 0 -1 0
1.49207 0 0.225122 -58.7429 -7.86306 0 -1 0
1.41117 0 1.05457 -55.5579 -40.5186 0 -1 0
1.40304 0 0.681719 -55.238 -25.8393 0 -1 0
1.49207 0 0.225122 -58.7429 -7.86306 0 -1 0
1.49207 0 0.225122 -58.7429 -7.86306 0 -1 0
1.40304 0 0.681719 -55.238 -25.8393 0 -1 0
1.31985 0 0.28375 -51.9627 -10.1712 0 -1 0
1.31675 0 0.696108 -51.8406 -26.4058 0 -1 0
1.31985 0 0.28375 -51.9627 -10.1712 0 -1 0
1.40304 0 0.681719 -55.238 -25.8393 0 -1 0
1.31985 0 0.28375 -51.9627 -10.1712 0 -1 0
1.31675 0 0.696108 -51.8406 -26.4058 0 -1 0
1.26749 0 0.0575204 -49.9011 -1.26458 0 -1 0
1.31675 0 0.696108 -51.8406 -26.4058 0 -1 0
1.2072 0 0.450679 -47.5276 -16.7433 0 -1 0
1.26749 0 0.0575204 -49.9011 -1.26458 0 -1 0
1.2072 0 0.450679 -47.5276 -16.7433 0 -1 0
1.20645 0 0.451795 -47.498 -16.7872 0 -1 0
1.26749 0 0.0575204 -49.9011 -1.26458 0 -1 0
1.20645 0 0.451795 -47.498 -16.7872 0 -1 0
1.06773 0 0.531883 -42.0367 -19.9403 0 -1 0
1.26749 0 0.0575204 -49.9011 -1.26458 0 -1 0
1.26749 0 0.0575204 -49.9011 -1.26458 0 -1 0
1.06773 0 0.531883 -42.0367 -19.9403 0 -1 0
0.956449 0 0.0187826 -37.6555 0.260529 0 -1 0
1.06773 0 0.531883 -42.0367 -19.9403 0 -1 0
0.875982 0 0.347444 -34.4875 -12.6789 0 -1 0
0.956449 0 0.0187826 -37.6555 0.260529 0 -1 0
0.956449 0 0.0187826 -37.6555 0.260529 0 -1 0
0.875982 0 0.347444 -34.4875 -12.6789 0 -1 0
0.823615 0 0.0954739 -32.4258 -2.75881 0 -1 0
0.823615 0 0.0954739 -32.4258 -2.75881 0 -1 0
0.875982 0 0.347444 -34.4875 -12.6789 0 -1 0
0.81335 0 0.0461692 -32.0216 -0.81768 0 -1 0
0.875982 0 0.347444 -34.4875 -12.6789 0 -1 0
0.616777 0 0.447463 -24.2826 -16.6166 0 -1 0
0.81335 0 0.0461692 -32.0216 -0.81768 0 -1 0
0.616777 0 0.447463 -24.2826 -16.6166 0 -1 0
0.536673 0 0.603834 -21.1289 -22.773 0 -1 0
0.81335 0 0.0461692 -32.0216 -0.81768 0 -1 0
0.536673 0 0.603834 -21.1289 -22.773 0 -1 0
0.5 0 0.616885 -19.685 -23.2868 0 -1 0
0.81335 0 0.0461692 -32.0216 -0.81768 0 -1 0
0.81335 0 0.0461692 -32.0216 -0.81768 0 -1 0
0.5 0 0.616885 -19.685 -23.2868 0 -1 0
0.483127 0 0 -19.0207 1 0 -1 0
0.5 0 0.616885 -19.685 -23.2868 0 -1 0
0.5 0 0.82528 -19.685 -31.4913 0 -1 0
0.483127 0 0 -19.0207 1 0 -1 0
0.483127 0 0 -19.0207 1 0 -1 0
0.5 0 0.82528 -19.685 -31.4913 0 -1 0
0.386766 0 0.217451 -15.227 -7.56106 0 -1 0
0.5 0 0.82528 -19.685 -31.4913 0 -1 0
0.379098 0 0.985145 -14.9251 -37.7852 0 -1 0
0.386766 0 0.217451 -15.227 -7.56106 0 -1 0
0.37038 0 0.201065 -14.5819 -6.91596 0 -1 0
0.386766 0 0.217451 -15.227 -7.56106 0 -1 0
0.379098 0 0.985145 -14.9251 -37.7852 0 -1 0
0.37038 0 0.201065 15.9084 3.76757 0.572385 0.587155 -0.572385
0.378766 0.17 0.383839 21.23 -4.50065 0.572385 0.587155 -0.572385
0.386766 0 0.217451 16.8207 3.76757 0.572385 0.587155 -0.572385
0.392571 0.0708788 0.295965 19.1681 0.320263 0.572385 0.587155 -0.572385
0.386766 0 0.217451 16.8207 3.76757 0.572385 0.587155 -0.572385
0.378766 0.17 0.383839 21.23 -4.50065 0.572385 0.587155 -0.572385
0.392571 0.0708788 0.295965 -4.39134 -10.2173 -0.80992 0.463912 -0.358907
0.516347 0.265 0.267563 -1.39476 -18.8444 -0.80992 0.463912 -0.358907
0.386766 0 0.217451 -1.6579 -7.06733 -0.80992 0.463912 -0.358907
0.516347 0.265 0.267563 -1.39476 -18.8444 -0.80992 0.463912 -0.358907
0.567588 0.265 0.151932 3.58462 -18.8444 -0.80992 0.463912 -0.358907
0.386766 0 0.217451 -1.6579 -7.06733 -0.80992 0.463912 -0.358907
0.483127 0 0 7.70609 -7.06733 -0.80992 0.463912 -0.358907
0.386766 0 0.217451 -1.6579 -7.06733 -0.80992 0.463912 -0.358907
0.567588 0.265 0.151932 3.58462 -18.8444 -0.80992 0.463912 -0.358907
0.567588 0.265 0.151932 22.959 -9.5552 0.122664 0.463912 -0.877348
0.6974 0.265 0.170081 28.1194 -9.5552 0.122664 0.463912 -0.877348
0.483127 0 0 18.8375 2.22181 0.122664 0.463912 -0.877348
0.81335 0 0.0461692 31.9649 2.22181 0.122664 0.463912 -0.877348
0.483127 0 0 18.8375 2.22181 0.122664 0.463912 -0.877348
0.6974 0.265 0.170081 28.1194 -9.5552 0.122664 0.463912 -0.877348
0.81335 0 0.0461692 8.30662 15.3715 0.867283 0.463912 -0.180573
0.6974 0.265 0.170081 12.1521 3.59441 0.867283 0.463912 -0.180573
0.823615 0 0.0954739 10.2894 15.3715 0.867283 0.463912 -0.180573
0.796101 0.076098 0.15883 12.5106 11.9895 0.867283 0.463912 -0.180573
0.823615 0 0.0954739 10.2894 15.3715 0.867283 0.463912 -0.180573
0.6974 0.265 0.170081 12.1521 3.59441 0.867283 0.463912 -0.180573
0.796101 0.076098 0.15883 24.0169 -11.6587 -0.439908 0.475315 -0.761943
0.984164 0.245 0.155617 30.4922 -19.2168 -0.439908 0.475315 -0.761943
0.823615 0 0.0954739 26.2022 -8.25349 -0.439908 0.475315 -0.761943
0.956449 0 0.0187826 32.2408 -8.25349 -0.439908 0.475315 -0.761943
0.823615 0 0.0954739 26.2022 -8.25349 -0.439908 0.475315 -0.761943
0.984164 0.245 0.155617 30.4922 -19.2168 -0.439908 0.475315 -0.761943
0.984164 0.245 0.155617 39.2068 -8.10007 0.108735 0.475315 -0.873071
1.18579 0.245 0.180727 47.206 -8.10007 0.108735 0.475315 -0.873071
0.956449 0 0.0187826 37.4582 2.86321 0.108735 0.475315 -0.873071
1.26749 0 0.0575204 49.7985 2.86321 0.108735 0.475315 -0.873071
0.956449 0 0.0187826 37.4582 2.86321 0.108735 0.475315 -0.873071
1.18579 0.245 0.180727 47.206 -8.10007 0.108735 0.475315 -0.873071
1.26749 0 0.0575204 26.9118 21.0029 0.761943 0.475315 -0.439908
1.18579 0.245 0.180727 29.5042 10.0396 0.761943 0.475315 -0.439908
1.36202 0 0.221258 34.3554 21.0029 0.761943 0.475315 -0.439908
1.20603 0.245 0.215793 31.0984 10.0396 0.761943 0.475315 -0.439908
1.36202 0 0.221258 34.3554 21.0029 0.761943 0.475315 -0.439908
1.18579 0.245 0.180727 29.5042 10.0396 0.761943 0.475315 -0.439908
1.20603 0.245 0.215793 -19.5179 13.4799 0.72929 0.475315 0.49215
1.11382 0.245 0.352439 -13.0278 13.4799 0.72929 0.475315 0.49215
1.36202 0 0.221258 -22.7749 24.4432 0.72929 0.475315 0.49215
1.31985 0 0.28375 -19.8068 24.4432 0.72929 0.475315 0.49215
1.36202 0 0.221258 -22.7749 24.4432 0.72929 0.475315 0.49215
1.11382 0.245 0.352439 -13.0278 13.4799 0.72929 0.475315 0.49215
1.36202 0 0.221258 -53.623 -7.71095 0 -1 0
1.31985 0 0.28375 -51.9627 -10.1712 0 -1 0
1.26749 0 0.0575204 -49.9011 -1.26458 0 -1 0
1.22139 0.064888 0.366989 -14.9219 21.5396 0.72929 0.475315 0.49215
1.31985 0 0.28375 -19.8068 24.4432 0.72929 0.475315 0.49215
1.11382 0.245 0.352439 -13.0278 13.4799 0.72929 0.475315 0.49215
1.22139 0.064888 0.366989 40.8645 -18.1976 -0.260866 0.587155 -0.766289
1.44429 0.17 0.371646 49.113 -23.3099 -0.260866 0.587155 -0.766289
1.31985 0 0.28375 45.5903 -15.0417 -0.260866 0.587155 -0.766289
1.49207 0 0.225122 52.7527 -15.0417 -0.260866 0.587155 -0.766289
1.31985 0 0.28375 45.5903 -15.0417 -0.260866 0.587155 -0.766289
1.44429 0.17 0.371646 49.113 -23.3099 -0.260866 0.587155 -0.766289
1.49207 0 0.225122 41.014 26.2349 0.662432 0.587155 -0.465224
1.44429 0.17 0.371646 44.6537 17.9667 0.662432 0.587155 -0.465224
1.59219 0 0.367677 47.8722 26.2349 0.662432 0.587155 -0.465224
1.46429 0.17 0.400122 46.0237 17.9667 0.662432 0.587155 -0.465224
1.59219 0 0.367677 47.8722 26.2349 0.662432 0.587155 -0.465224
1.44429 0.17 0.371646 44.6537 17.9667 0.662432 0.587155 -0.465224
1.59219 0 0.367677 7.16311 38.5392 0.804093 0.587155 0.0931851
1.46429 0.17 0.400122 9.01165 30.271 0.804093 0.587155 0.0931851
1.56612 0 0.592638 16.0791 38.5392 0.804093 0.587155 0.0931851
1.44699 0.17 0.549379 14.9272 30.271 0.804093 0.587155 0.0931851
1.56612 0 0.592638 16.0791 38.5392 0.804093 0.587155 0.0931851
1.46429 0.17 0.400122 9.01165 30.271 0.804093 0.587155 0.0931851
1.53422 0.0373747 0.632363 17.7773 36.7215 0.804093 0.587155 0.0931851
1.56612 0 0.592638 16.0791 38.5392 0.804093 0.587155 0.0931851
1.44699 0.17 0.549379 14.9272 30.271 0.804093 0.587155 0.0931851
1.53422 0.0373747 0.632363 41.0733 -23.8731 -0.424698 0.463912 -0.777443
1.58176 0.265 0.742219 40.6425 -33.9891 -0.424698 0.463912 -0.777443
1.56612 0 0.592638 42.9251 -22.2121 -0.424698 0.463912 -0.777443
1.60642 0 0.570621 44.7332 -22.2121 -0.424698 0.463912 -0.777443
1.56612 0 0.592638 42.9251 -22.2121 -0.424698 0.463912 -0.777443
1.58176 0.265 0.742219 40.6425 -33.9891 -0.424698 0.463912 -0.777443
1.58176 0.265 0.742219 40.6425 -33.9891 -0.424698 0.463912 -0.777443
1.53422 0.0373747 0.632363 41.0733 -23.8731 -0.424698 0.463912 -0.777443
1.51654 0.265 0.777847 37.7167 -33.9891 -0.424698 0.463912 -0.777443
1.51654 0.265 0.777847 37.7167 -33.9891 -0.424698 0.463912 -0.777443
1.53422 0.0373747 0.632363 41.0733 -23.8731 -0.424698 0.463912 -0.777443
1.37777 0 0.695526 34.4757 -22.2121 -0.424698 0.463912 -0.777443
1.40304 0 0.681719 35.6095 -22.2121 -0.424698 0.463912 -0.777443
1.37777 0 0.695526 34.4757 -22.2121 -0.424698 0.463912 -0.777443
1.53422 0.0373747 0.632363 41.0733 -23.8731 -0.424698 0.463912 -0.777443
1.53422 0.0373747 0.632363 -55.4852 20.0607 0.133133 0.587155 0.798452
1.3905 0.17 0.558799 -50.3803 13.6103 0.133133 0.587155 0.798452
1.40304 0 0.681719 -50.0716 21.8785 0.133133 0.587155 0.798452
1.31675 0 0.696108 -46.6273 21.8785 0.133133 0.587155 0.798452
1.40304 0 0.681719 -50.0716 21.8785 0.133133 0.587155 0.798452
1.3905 0.17 0.558799 -50.3803 13.6103 0.133133 0.587155 0.798452
1.31675 0 0.696108 -46.1562 -20.2363 -0.73918 0.587155 0.329943
1.3905 0.17 0.558799 -42.4032 -28.5045 -0.73918 0.587155 0.329943
1.2072 0 0.450679 -35.5748 -20.2363 -0.73918 0.587155 0.329943
1.3905 0.17 0.558799 -42.4032 -28.5045 -0.73918 0.587155 0.329943
1.32508 0.17 0.41223 -36.0841 -28.5045 -0.73918 0.587155 0.329943
1.2072 0 0.450679 -35.5748 -20.2363 -0.73918 0.587155 0.329943
1.22139 0.064888 0.366989 -32.7937 -23.3922 -0.73918 0.587155 0.329943
1.2072 0 0.450679 -35.5748 -20.2363 -0.73918 0.587155 0.329943
1.32508 0.17 0.41223 -36.0841 -28.5045 -0.73918 0.587155 0.329943
1.2072 0 0.450679 -11.8783 24.4432 0.72929 0.475315 0.49215
1.22139 0.064888 0.366989 -14.9219 21.5396 0.72929 0.475315 0.49215
1.20645 0 0.451795 -11.8253 24.4432 0.72929 0.475315 0.49215
1.20645 0 0.451795 -11.8253 24.4432 0.72929 0.475315 0.49215
1.22139 0.064888 0.366989 -14.9219 21.5396 0.72929 0.475315 0.49215
1.11382 0.245 0.352439 -13.0278 13.4799 0.72929 0.475315 0.49215
1.11382 0.245 0.352439 -31.0384 8.6468 0.439908 0.475315 0.761943
1.08775 0.245 0.367488 -29.8534 8.6468 0.439908 0.475315 0.761943
1.20645 0 0.451795 -32.2408 19.6101 0.439908 0.475315 0.761943
1.06773 0 0.531883 -25.9347 19.6101 0.439908 0.475315 0.761943
1.20645 0 0.451795 -32.2408 19.6101 0.439908 0.475315 0.761943
1.08775 0.245 0.367488 -29.8534 8.6468 0.439908 0.475315 0.761943
1.08775 0.245 0.367488 -40.8942 -16.6411 -0.609917 0.475315 0.634096
0.875999 0.000117821 0.347371 -34.3368 -5.6831 -0.609917 0.475315 0.634096
1.06773 0 0.531883 -44.8129 -5.67783 -0.609917 0.475315 0.634096
0.875982 0 0.347444 -34.3383 -5.67783 -0.609917 0.475315 0.634096
1.06773 0 0.531883 -44.8129 -5.67783 -0.609917 0.475315 0.634096
0.875999 0.000117821 0.347371 -34.3368 -5.6831 -0.609917 0.475315 0.634096
0.875999 0.000117821 0.347371 -27.2525 12.6747 0.318914 0.463912 0.826486
0.551955 0.0566031 0.440704 -14.0274 10.1644 0.318914 0.463912 0.826486
0.875982 0 0.347444 -27.2509 12.68 0.318914 0.463912 0.826486
0.616777 0 0.447463 -16.3126 12.68 0.318914 0.463912 0.826486
0.875982 0 0.347444 -27.2509 12.68 0.318914 0.463912 0.826486
0.551955 0.0566031 0.440704 -14.0274 10.1644 0.318914 0.463912 0.826486
0.616777 0 0.447463 29.6272 3.76757 0.572385 0.587155 -0.572385
0.551955 0.0566031 0.440704 27.6345 1.01459 0.572385 0.587155 -0.572385
0.62038 0 0.451065 29.8278 3.76757 0.572385 0.587155 -0.572385
0.62038 0 0.451065 29.8278 3.76757 0.572385 0.587155 -0.572385
0.551955 0.0566031 0.440704 27.6345 1.01459 0.572385 0.587155 -0.572385
0.467815 0.17 0.472888 26.1881 -4.50065 0.572385 0.587155 -0.572385
0.551955 0.0566031 0.440704 27.6345 1.01459 0.572385 0.587155 -0.572385
0.392571 0.0708788 0.295965 19.1681 0.320263 0.572385 0.587155 -0.572385
0.467815 0.17 0.472888 26.1881 -4.50065 0.572385 0.587155 -0.572385
0.467815 0.17 0.472888 26.1881 -4.50065 0.572385 0.587155 -0.572385
0.392571 0.0708788 0.295965 19.1681 0.320263 0.572385 0.587155 -0.572385
0.378766 0.17 0.383839 21.23 -4.50065 0.572385 0.587155 -0.572385
0.467815 0.17 0.472888 18.4179 -17.6176 0 1 0
0.378766 0.17 0.383839 14.9121 -14.1118 0 1 0
0.451095 0.17 0.503404 17.7596 -18.8191 0 1 0
0.451095 0.17 0.503404 17.7596 -18.8191 0 1 0
0.378766 0.17 0.383839 14.9121 -14.1118 0 1 0
0.309536 0.17 0.553782 12.1864 -20.8024 0 1 0
0.276141 0.17 0.507251 10.8717 -18.9705 0 1 0
0.309536 0.17 0.553782 12.1864 -20.8024 0 1 0
0.378766 0.17 0.383839 14.9121 -14.1118 0 1 0
0.309536 0.17 0.553782 -24.8183 -2.76689 -0.657639 0.587155 0.471975
0.276141 0.17 0.507251 -22.5634 -2.76689 -0.657639 0.587155 0.471975
0.19684 0 0.60824 -23.9732 5.50133 -0.657639 0.587155 0.471975
0.12038 0 0.501703 -18.8105 5.50133 -0.657639 0.587155 0.471975
0.19684 0 0.60824 -23.9732 5.50133 -0.657639 0.587155 0.471975
0.276141 0.17 0.507251 -22.5634 -2.76689 -0.657639 0.587155 0.471975
0.12038 0 0.501703 -4.73937 -18.7521 0 -1 0
0.37038 0 0.201065 -14.5819 -6.91596 0 -1 0
0.19684 0 0.60824 -7.74959 -22.9465 0 -1 0
0.299609 0 1.48514 -11.7956 -57.4703 0 -1 0
0.19684 0 0.60824 -7.74959 -22.9465 0 -1 0
0.37038 0 0.201065 -14.5819 -6.91596 0 -1 0
0.19684 0 0.60824 -7.74959 -22.9465 0 -1 0
0.299609 0 1.48514 -11.7956 -57.4703 0 -1 0
0.106042 0 1.04282 -4.17488 -40.056 0 -1 0
0.0496085 0 1.23514 -1.95309 -47.6277 0 -1 0
0.106042 0 1.04282 -4.17488 -40.056 0 -1 0
0.299609 0 1.48514 -11.7956 -57.4703 0 -1 0
0.0496085 0 1.23514 -46.1105 -6.22111 -0.850042 0.463912 -0.249428
0.22687 0.265 1.12392 -39.9437 -17.9982 -0.850042 0.463912 -0.249428
0.106042 0 1.04282 -38.2195 -6.22111 -0.850042 0.463912 -0.249428
0.106042 0 1.04282 -38.2195 -6.22111 -0.850042 0.463912 -0.249428
0.22687 0.265 1.12392 -39.9437 -17.9982 -0.850042 0.463912 -0.249428
0.145209 0.069136 1.03793 -37.6005 -9.2936 -0.850042 0.463912 -0.249428
0.156184 0.08472 1.02951 -37.1608 -9.9862 -0.850042 0.463912 -0.249428
0.145209 0.069136 1.03793 -37.6005 -9.2936 -0.850042 0.463912 -0.249428
0.22687 0.265 1.12392 -39.9437 -17.9982 -0.850042 0.463912 -0.249428
0.145209 0.069136 1.03793 -5.71688 18.0282 -1.73964e-014 0.475315 0.879816
0.156184 0.08472 1.02951 -6.14898 17.3309 -1.73964e-014 0.475315 0.879816
0.204592 0.245 0.94292 -8.0548 10.1586 -1.73964e-014 0.475315 0.879816
0.288162 0.08472 1.02951 -11.3449 17.3309 -1.73964e-014 0.475315 0.879816
0.204592 0.245 0.94292 -8.0548 10.1586 -1.73964e-014 0.475315 0.879816
0.156184 0.08472 1.02951 -6.14898 17.3309 -1.73964e-014 0.475315 0.879816
0.245083 0.245 0.94292 -9.64893 10.1586 -1.73964e-014 0.475315 0.879816
0.204592 0.245 0.94292 -8.0548 10.1586 -1.73964e-014 0.475315 0.879816
0.288162 0.08472 1.02951 -11.3449 17.3309 -1.73964e-014 0.475315 0.879816
0.245083 0.245 0.94292 9.64893 -36.1228 0 1 0
0.329668 0.245 0.70764 12.979 -26.8598 0 1 0
0.204592 0.245 0.94292 8.0548 -36.1228 0 1 0
0.204592 0.245 0.94292 8.0548 -36.1228 0 1 0
0.329668 0.245 0.70764 12.979 -26.8598 0 1 0
0.13236 0.245 0.794738 5.21101 -30.2889 0 1 0
0.13236 0.245 0.76464 5.21101 -29.1039 0 1 0
0.13236 0.245 0.794738 5.21101 -30.2889 0 1 0
0.329668 0.245 0.70764 12.979 -26.8598 0 1 0
0.13236 0.245 0.794738 -31.2889 -9.9633 -0.879816 0.475315 5.22247e-017
0.13236 0.245 0.76464 -30.1039 -9.9633 -0.879816 0.475315 5.22247e-017
0 0 0.82528 -32.4913 1 -0.879816 0.475315 5.22247e-017
0 0 0.665105 -26.1852 1 -0.879816 0.475315 5.22247e-017
0 0 0.82528 -32.4913 1 -0.879816 0.475315 5.22247e-017
0.13236 0.245 0.76464 -30.1039 -9.9633 -0.879816 0.475315 5.22247e-017
0 0 0.82528 0 -31.4913 0 -1 0
0 0 0.665105 0 -25.1852 0 -1 0
0.106042 0 1.04282 -4.17488 -40.056 0 -1 0
0.19684 0 0.60824 -7.74959 -22.9465 0 -1 0
0.106042 0 1.04282 -4.17488 -40.056 0 -1 0
0 0 0.665105 0 -25.1852 0 -1 0
0.19684 0 0.60824 0.799018 -10.9573 -0.244185 0.475315 -0.845251
0 0 0.665105 -7.26747 -10.9573 -0.244185 0.475315 -0.845251
0.285953 0.0829905 0.629165 3.94094 -14.6709 -0.244185 0.475315 -0.845251
0.13236 0.245 0.76464 -3.34878 -21.9206 -0.244185 0.475315 -0.845251
0.285953 0.0829905 0.629165 3.94094 -14.6709 -0.244185 0.475315 -0.845251
0 0 0.665105 -7.26747 -10.9573 -0.244185 0.475315 -0.845251
0.329668 0.245 0.70764 4.7369 -21.9206 -0.123031 0.47897 -0.869167
0.285953 0.0829905 0.629165 3.94094 -14.6709 -0.244185 0.475315 -0.845251
0.13236 0.245 0.76464 -3.34878 -21.9206 -0.244185 0.475315 -0.845251
0.317158 0.0814214 0.619267 5.22939 -14.6007 -0.123031 0.47897 -0.869167
0.285953 0.0829905 0.629165 3.94094 -14.6709 -0.244185 0.475315 -0.845251
0.329668 0.245 0.70764 4.7369 -21.9206 -0.123031 0.47897 -0.869167
0.285953 0.0829905 0.629165 -2.30137 14.2736 0.271401 0.587155 0.762621
0.317158 0.0814214 0.619267 -3.58948 14.3499 0.271401 0.587155 0.762621
0.451095 0.17 0.503404 -10.0867 10.0417 0.271401 0.587155 0.762621
0.317158 0.0814214 0.619267 -3.58948 14.3499 0.271401 0.587155 0.762621
0.479893 0.0372177 0.595386 -9.94075 16.4998 0.271401 0.587155 0.762621
0.451095 0.17 0.503404 -10.0867 10.0417 0.271401 0.587155 0.762621
0.451095 0.17 0.503404 -10.0867 10.0417 0.271401 0.587155 0.762621
0.479893 0.0372177 0.595386 -9.94075 16.4998 0.271401 0.587155 0.762621
0.536673 0 0.603834 -11.9353 18.31 0.271401 0.587155 0.762621
0.5 0 0.616885 -10.4027 18.31 0.271401 0.587155 0.762621
0.536673 0 0.603834 -11.9353 18.31 0.271401 0.587155 0.762621
0.479893 0.0372177 0.595386 -9.94075 16.4998 0.271401 0.587155 0.762621
0.479893 0.0372177 0.595386 23.4404 8.69117 0.879816 0.475315 7.98759e-015
0.36764 0.245 0.70764 27.8598 -0.60669 0.879816 0.475315 7.98759e-015
0.5 0 0.616885 24.2868 10.3566 0.879816 0.475315 7.98759e-015
0.5 0 0.82528 32.4913 10.3566 0.879816 0.475315 7.98759e-015
0.5 0 0.616885 24.2868 10.3566 0.879816 0.475315 7.98759e-015
0.36764 0.245 0.70764 27.8598 -0.60669 0.879816 0.475315 7.98759e-015
0.36764 0.245 0.780865 30.7427 -0.60669 0.879816 0.475315 7.98759e-015
0.5 0 0.82528 32.4913 10.3566 0.879816 0.475315 7.98759e-015
0.36764 0.245 0.70764 27.8598 -0.60669 0.879816 0.475315 7.98759e-015
0.36764 0.245 0.780865 15.7895 6.81501 0.701734 0.475315 0.530702
0.245083 0.245 0.94292 23.7887 6.81501 0.701734 0.475315 0.530702
0.5 0 0.82528 14.0409 17.7783 0.701734 0.475315 0.530702
0.379098 0 0.985145 21.932 17.7783 0.701734 0.475315 0.530702
0.5 0 0.82528 14.0409 17.7783 0.701734 0.475315 0.530702
0.245083 0.245 0.94292 23.7887 6.81501 0.701734 0.475315 0.530702
0.288162 0.08472 1.02951 25.4847 13.9872 0.701734 0.475315 0.530702
0.379098 0 0.985145 21.932 17.7783 0.701734 0.475315 0.530702
0.245083 0.245 0.94292 23.7887 6.81501 0.701734 0.475315 0.530702
0.288162 0.08472 1.02951 11.3449 -20.758 2.48492e-015 0.463912 -0.885881
0.353346 0.265 1.12392 13.9113 -28.77 2.48492e-015 0.463912 -0.885881
0.379098 0 0.985145 14.9251 -16.9929 2.48492e-015 0.463912 -0.885881
0.458032 0 0.985145 18.0327 -16.9929 2.48492e-015 0.463912 -0.885881
0.379098 0 0.985145 14.9251 -16.9929 2.48492e-015 0.463912 -0.885881
0.353346 0.265 1.12392 13.9113 -28.77 2.48492e-015 0.463912 -0.885881
0.458032 0 0.985145 -18.0327 -37.7852 0 -1 0
0.634468 0 1.75701 -24.9791 -68.1737 0 -1 0
0.379098 0 0.985145 -14.9251 -37.7852 0 -1 0
0.379098 0 0.985145 -14.9251 -37.7852 0 -1 0
0.634468 0 1.75701 -24.9791 -68.1737 0 -1 0
0.349693 0 1.44921 -13.7674 -56.0554 0 -1 0
0.344468 0 1.46701 -13.5617 -56.7563 0 -1 0
0.349693 0 1.44921 -13.7674 -56.0554 0 -1 0
0.634468 0 1.75701 -24.9791 -68.1737 0 -1 0
0.344468 0 1.46701 -51.6013 -16.5365 -0.768334 0.599028 -0.225453
0.52582 0.21518 1.42071 -47.8418 -27.1164 -0.768334 0.599028 -0.225453
0.349693 0 1.44921 -50.8708 -16.5365 -0.768334 0.599028 -0.225453
0.52582 0.21518 1.42071 -47.8418 -27.1164 -0.768334 0.599028 -0.225453
0.550092 0.21518 1.33799 -44.4478 -27.1164 -0.768334 0.599028 -0.225453
0.349693 0 1.44921 -50.8708 -16.5365 -0.768334 0.599028 -0.225453
0.349693 0 1.44921 -50.8708 -16.5365 -0.768334 0.599028 -0.225453
0.550092 0.21518 1.33799 -44.4478 -27.1164 -0.768334 0.599028 -0.225453
0.483611 0.109129 1.28278 -43.099 -21.9022 -0.768334 0.599028 -0.225453
0.481908 0.0934516 1.24692 -41.7634 -21.1313 -0.768334 0.599028 -0.225453
0.483611 0.109129 1.28278 -43.099 -21.9022 -0.768334 0.599028 -0.225453
0.550092 0.21518 1.33799 -44.4478 -27.1164 -0.768334 0.599028 -0.225453
0.483611 0.109129 1.28278 53.7901 -0.74768 0.851815 0.463912 -0.243304
0.481908 0.0934516 1.24692 52.4145 -0.05094 0.851815 0.463912 -0.243304
0.389345 0.265 1.24995 51.5282 -7.67484 0.851815 0.463912 -0.243304
0.481908 0.0934516 1.24692 52.4145 -0.05094 0.851815 0.463912 -0.243304
0.512835 0 1.17701 50.1023 4.10221 0.851815 0.463912 -0.243304
0.389345 0.265 1.24995 51.5282 -7.67484 0.851815 0.463912 -0.243304
0.389345 0.265 1.24995 51.5282 -7.67484 0.851815 0.463912 -0.243304
0.512835 0 1.17701 50.1023 4.10221 0.851815 0.463912 -0.243304
0.353346 0.265 1.12392 46.3679 -7.67484 0.851815 0.463912 -0.243304
0.458032 0 0.985145 42.2464 4.10221 0.851815 0.463912 -0.243304
0.353346 0.265 1.12392 46.3679 -7.67484 0.851815 0.463912 -0.243304
0.512835 0 1.17701 50.1023 4.10221 0.851815 0.463912 -0.243304
0.512835 0 1.17701 -20.1903 -45.339 0 -1 0
0.634468 0 1.75701 -24.9791 -68.1737 0 -1 0
0.458032 0 0.985145 -18.0327 -37.7852 0 -1 0
0.818239 0 1.17701 -32.2141 -45.339 0 -1 0
0.634468 0 1.75701 -24.9791 -68.1737 0 -1 0
0.512835 0 1.17701 -20.1903 -45.339 0 -1 0
0.857895 0 1.59669 -33.7754 -61.8619 0 -1 0
0.634468 0 1.75701 -24.9791 -68.1737 0 -1 0
0.818239 0 1.17701 -32.2141 -45.339 0 -1 0
0.634468 0 1.75701 20.0327 43.39 0.466818 0.599028 0.650574
0.857895 0 1.59669 9.20621 43.39 0.466818 0.599028 0.650574
0.651659 0.21518 1.54655 14.6522 32.8101 0.466818 0.599028 0.650574
0.876567 0.0554442 1.53224 7.12966 40.6639 0.466818 0.599028 0.650574
0.651659 0.21518 1.54655 14.6522 32.8101 0.466818 0.599028 0.650574
0.857895 0 1.59669 9.20621 43.39 0.466818 0.599028 0.650574
0.738563 0.21518 1.48419 10.4411 32.8101 0.466818 0.599028 0.650574
0.651659 0.21518 1.54655 14.6522 32.8101 0.466818 0.599028 0.650574
0.876567 0.0554442 1.53224 7.12966 40.6639 0.466818 0.599028 0.650574
0.738563 0.21518 1.48419 29.0773 -57.4326 0 1 0
0.696804 0.21518 1.33799 27.4332 -51.6767 0 1 0
0.651659 0.21518 1.54655 25.6558 -59.8876 0 1 0
0.696804 0.21518 1.33799 27.4332 -51.6767 0 1 0
0.550092 0.21518 1.33799 21.6572 -51.6767 0 1 0
0.651659 0.21518 1.54655 25.6558 -59.8876 0 1 0
0.52582 0.21518 1.42071 20.7016 -54.9333 0 1 0
0.651659 0.21518 1.54655 25.6558 -59.8876 0 1 0
0.550092 0.21518 1.33799 21.6572 -51.6767 0 1 0
0.651659 0.21518 1.54655 -61.1955 9.13987 -0.5662 0.599028 0.5662
0.52582 0.21518 1.42071 -54.1891 9.13987 -0.5662 0.599028 0.5662
0.634468 0 1.75701 -66.576 19.7198 -0.5662 0.599028 0.5662
0.344468 0 1.46701 -50.4295 19.7198 -0.5662 0.599028 0.5662
0.634468 0 1.75701 -66.576 19.7198 -0.5662 0.599028 0.5662
0.52582 0.21518 1.42071 -54.1891 9.13987 -0.5662 0.599028 0.5662
0.550092 0.21518 1.33799 21.6572 -37.3383 -2.51257e-015 0.599028 -0.800728
0.696804 0.21518 1.33799 27.4332 -37.3383 -2.51257e-015 0.599028 -0.800728
0.481908 0.0934516 1.24692 18.9728 -31.3532 -2.51257e-015 0.599028 -0.800728
0.481908 0.0934516 1.24692 18.9728 -31.3532 -2.51257e-015 0.599028 -0.800728
0.696804 0.21518 1.33799 27.4332 -37.3383 -2.51257e-015 0.599028 -0.800728
0.512835 0 1.17701 20.1903 -26.7584 -2.51257e-015 0.599028 -0.800728
0.818239 0 1.17701 32.2141 -26.7584 -2.51257e-015 0.599028 -0.800728
0.512835 0 1.17701 20.1903 -26.7584 -2.51257e-015 0.599028 -0.800728
0.696804 0.21518 1.33799 27.4332 -37.3383 -2.51257e-015 0.599028 -0.800728
0.818239 0 1.17701 53.4046 11.9314 0.769936 0.599028 -0.219917
0.696804 0.21518 1.33799 58.1855 1.35142 0.769936 0.599028 -0.219917
0.881963 0 1.40011 62.5392 11.9314 0.769936 0.599028 -0.219917
0.738563 0.21518 1.48419 64.1715 1.35142 0.769936 0.599028 -0.219917
0.881963 0 1.40011 62.5392 11.9314 0.769936 0.599028 -0.219917
0.696804 0.21518 1.33799 58.1855 1.35142 0.769936 0.599028 -0.219917
0.856196 0.0590669 1.47079 64.9363 9.02717 0.769936 0.599028 -0.219917
0.881963 0 1.40011 62.5392 11.9314 0.769936 0.599028 -0.219917
0.738563 0.21518 1.48419 64.1715 1.35142 0.769936 0.599028 -0.219917
0.856196 0.0590669 1.47079 -5.89683 -40.0703 -0.467233 0.587155 -0.661016
1.08451 0.17 1.40795 2.87133 -45.4657 -0.467233 0.587155 -0.661016
0.881963 0 1.40011 -3.46226 -37.1975 -0.467233 0.587155 -0.661016
1.12371 0 1.22923 8.19299 -37.1975 -0.467233 0.587155 -0.661016
0.881963 0 1.40011 -3.46226 -37.1975 -0.467233 0.587155 -0.661016
1.08451 0.17 1.40795 2.87133 -45.4657 -0.467233 0.587155 -0.661016
1.12371 0 1.22923 -44.2406 -47.395 0 -1 0
0.891024 0 1.68452 -35.0797 -65.3197 0 -1 0
0.881963 0 1.40011 -34.7229 -54.1224 0 -1 0
0.891024 0 1.68452 -35.0797 -65.3197 0 -1 0
0.857895 0 1.59669 -33.7754 -61.8619 0 -1 0
0.881963 0 1.40011 -34.7229 -54.1224 0 -1 0
0.881963 0 1.40011 -34.7229 -54.1224 0 -1 0
0.857895 0 1.59669 -33.7754 -61.8619 0 -1 0
0.818239 0 1.17701 -32.2141 -45.339 0 -1 0
0.891024 0 1.68452 -74.4327 -4.52893 -0.757386 0.587155 0.285684
0.973651 0.17 1.55418 -70.7795 -12.7971 -0.757386 0.587155 0.285684
0.857895 0 1.59669 -70.737 -4.52893 -0.757386 0.587155 0.285684
0.857895 0 1.59669 -70.737 -4.52893 -0.757386 0.587155 0.285684
0.973651 0.17 1.55418 -70.7795 -12.7971 -0.757386 0.587155 0.285684
0.876567 0.0554442 1.53224 -68.6223 -7.22554 -0.757386 0.587155 0.285684
0.973651 0.17 1.55418 -70.7795 -12.7971 -0.757386 0.587155 0.285684
0.953437 0.17 1.50059 -68.5246 -12.7971 -0.757386 0.587155 0.285684
0.876567 0.0554442 1.53224 -68.6223 -7.22554 -0.757386 0.587155 0.285684
0.856196 0.0590669 1.47079 -66.0756 -7.40174 -0.757386 0.587155 0.285684
0.876567 0.0554442 1.53224 -68.6223 -7.22554 -0.757386 0.587155 0.285684
0.953437 0.17 1.50059 -68.5246 -12.7971 -0.757386 0.587155 0.285684
0.876567 0.0554442 1.53224 67.4829 9.20529 0.769936 0.599028 -0.219917
0.856196 0.0590669 1.47079 64.9363 9.02717 0.769936 0.599028 -0.219917
0.738563 0.21518 1.48419 64.1715 1.35142 0.769936 0.599028 -0.219917
0.953437 0.17 1.50059 -3.44784 -45.4657 -0.467233 0.587155 -0.661016
1.08451 0.17 1.40795 2.87133 -45.4657 -0.467233 0.587155 -0.661016
0.856196 0.0590669 1.47079 -5.89683 -40.0703 -0.467233 0.587155 -0.661016
0.953437 0.17 1.50059 37.5369 -58.0785 0 1 0
0.973651 0.17 1.55418 38.3327 -60.1883 0 1 0
1.08451 0.17 1.40795 42.6971 -54.431 0 1 0
1.12342 0.17 1.54216 44.2293 -59.7149 0 1 0
1.08451 0.17 1.40795 42.6971 -54.431 0 1 0
0.973651 0.17 1.55418 38.3327 -60.1883 0 1 0
1.14747 0.17 1.51701 45.1761 -58.7248 0 1 0
1.08451 0.17 1.40795 42.6971 -54.431 0 1 0
1.12342 0.17 1.54216 44.2293 -59.7149 0 1 0
1.14747 0.17 1.51701 74.3113 1.02007 0.701026 0.587155 -0.404737
1.26426 0.0368282 1.52609 76.9197 7.49709 0.701026 0.587155 -0.404737
1.08451 0.17 1.40795 69.3532 1.02007 0.701026 0.587155 -0.404737
1.26426 0.0368282 1.52609 76.9197 7.49709 0.701026 0.587155 -0.404737
1.14199 0.0222757 1.29321 66.5728 8.20487 0.701026 0.587155 -0.404737
1.08451 0.17 1.40795 69.3532 1.02007 0.701026 0.587155 -0.404737
1.14199 0.0222757 1.29321 66.5728 8.20487 0.701026 0.587155 -0.404737
1.12996 0 1.24005 64.5234 9.28829 0.701026 0.587155 -0.404737
1.08451 0.17 1.40795 69.3532 1.02007 0.701026 0.587155 -0.404737
1.12371 0 1.22923 64.0316 9.28829 0.701026 0.587155 -0.404737
1.08451 0.17 1.40795 69.3532 1.02007 0.701026 0.587155 -0.404737
1.12996 0 1.24005 64.5234 9.28829 0.701026 0.587155 -0.404737
1.12996 0 1.24005 -44.4865 -47.8209 0 -1 0
1.18009 0 1.66132 -46.4604 -64.4062 0 -1 0
1.12371 0 1.22923 -44.2406 -47.395 0 -1 0
1.18009 0 1.66132 -46.4604 -64.4062 0 -1 0
0.891024 0 1.68452 -35.0797 -65.3197 0 -1 0
1.12371 0 1.22923 -44.2406 -47.395 0 -1 0
0.891024 0 1.68452 -29.6605 41.4632 0.0647721 0.587155 0.806879
1.18009 0 1.66132 -41.0778 41.4632 0.0647721 0.587155 0.806879
0.973651 0.17 1.55418 -33.3137 33.195 0.0647721 0.587155 0.806879
1.12342 0.17 1.54216 -39.2292 33.195 0.0647721 0.587155 0.806879
0.973651 0.17 1.55418 -33.3137 33.195 0.0647721 0.587155 0.806879
1.18009 0 1.66132 -41.0778 41.4632 0.0647721 0.587155 0.806879
1.12342 0.17 1.54216 13.3122 38.9893 0.585031 0.587155 0.559453
1.18009 0 1.66132 15.1607 47.2575 0.585031 0.587155 0.559453
1.14747 0.17 1.51701 11.9422 38.9893 0.585031 0.587155 0.559453
1.27847 0.0244665 1.53277 8.82633 46.0676 0.585031 0.587155 0.559453
1.14747 0.17 1.51701 11.9422 38.9893 0.585031 0.587155 0.559453
1.18009 0 1.66132 15.1607 47.2575 0.585031 0.587155 0.559453
1.27847 0.0244665 1.53277 77.4272 8.09832 0.701026 0.587155 -0.404737
1.26426 0.0368282 1.52609 76.9197 7.49709 0.701026 0.587155 -0.404737
1.14747 0.17 1.51701 74.3113 1.02007 0.701026 0.587155 -0.404737
1.26426 0.0368282 1.52609 -49.7739 28.2824 1.3018e-014 0.475315 0.879816
1.27847 0.0244665 1.53277 -50.3333 28.8355 1.3018e-014 0.475315 0.879816
1.37504 0.245 1.41363 -54.1354 18.9671 1.3018e-014 0.475315 0.879816
1.37504 0.245 1.41363 -54.1354 18.9671 1.3018e-014 0.475315 0.879816
1.27847 0.0244665 1.53277 -50.3333 28.8355 1.3018e-014 0.475315 0.879816
1.44089 0 1.54599 -56.7279 29.9303 1.3018e-014 0.475315 0.879816
1.29038 0 1.54599 -50.8024 29.9303 1.3018e-014 0.475315 0.879816
1.44089 0 1.54599 -56.7279 29.9303 1.3018e-014 0.475315 0.879816
1.27847 0.0244665 1.53277 -50.3333 28.8355 1.3018e-014 0.475315 0.879816
1.44089 0 1.54599 -56.7279 -59.8656 0 -1 0
1.29038 0 1.54599 -50.8024 -59.8656 0 -1 0
1.41117 0 1.05457 -55.5579 -40.5186 0 -1 0
1.29038 0 1.54599 -50.8024 -59.8656 0 -1 0
1.18009 0 1.66132 -46.4604 -64.4062 0 -1 0
1.41117 0 1.05457 -55.5579 -40.5186 0 -1 0
1.41117 0 1.05457 -55.5579 -40.5186 0 -1 0
1.18009 0 1.66132 -46.4604 -64.4062 0 -1 0
1.12996 0 1.13581 -44.4865 -43.717 0 -1 0
1.12996 0 1.13581 -44.4865 -43.717 0 -1 0
1.18009 0 1.66132 -46.4604 -64.4062 0 -1 0
1.12996 0 1.24005 -44.4865 -47.8209 0 -1 0
1.12996 0 1.13581 -44.717 -20.1451 -0.879816 0.475315 1.22485e-014
1.12996 0 1.24005 -48.8209 -20.1451 -0.879816 0.475315 1.22485e-014
1.26232 0.245 1.23535 -48.6357 -31.1084 -0.879816 0.475315 1.22485e-014
1.26232 0.245 1.26544 -49.8207 -31.1084 -0.879816 0.475315 1.22485e-014
1.26232 0.245 1.23535 -48.6357 -31.1084 -0.879816 0.475315 1.22485e-014
1.12996 0 1.24005 -48.8209 -20.1451 -0.879816 0.475315 1.22485e-014
1.26232 0.245 1.23535 49.6975 -47.6357 0 1 0
1.26232 0.245 1.26544 49.6975 -48.8207 0 1 0
1.45962 0.245 1.17835 57.4656 -45.3916 0 1 0
1.33455 0.245 1.41363 52.5413 -54.6546 0 1 0
1.45962 0.245 1.17835 57.4656 -45.3916 0 1 0
1.26232 0.245 1.26544 49.6975 -48.8207 0 1 0
1.37504 0.245 1.41363 54.1354 -54.6546 0 1 0
1.45962 0.245 1.17835 57.4656 -45.3916 0 1 0
1.33455 0.245 1.41363 52.5413 -54.6546 0 1 0
1.4976 0.245 1.25157 58.9605 -48.2745 0 1 0
1.45962 0.245 1.17835 57.4656 -45.3916 0 1 0
1.37504 0.245 1.41363 54.1354 -54.6546 0 1 0
1.4976 0.245 1.17835 58.9605 -45.3916 0 1 0
1.45962 0.245 1.17835 57.4656 -45.3916 0 1 0
1.4976 0.245 1.25157 58.9605 -48.2745 0 1 0
1.4976 0.245 1.17835 58.9605 -29.537 -5.79748e-015 0.475315 -0.879816
1.6092 0.0384246 1.06675 63.3543 -20.2932 -5.79748e-015 0.475315 -0.879816
1.45962 0.245 1.17835 57.4656 -29.537 -0.123031 0.47897 -0.869167
1.44186 0.0127292 1.05286 56.7663 -19.1434 -0.123031 0.47897 -0.869167
1.45962 0.245 1.17835 57.4656 -29.537 -0.123031 0.47897 -0.869167
1.6092 0.0384246 1.06675 63.3543 -20.2932 -5.79748e-015 0.475315 -0.879816
1.45962 0.245 1.17835 42.3324 -36.2516 -0.123031 0.47897 -0.869167
1.44186 0.0127292 1.05286 43.0317 -25.8579 -0.123031 0.47897 -0.869167
1.26232 0.245 1.23535 34.2467 -36.2516 -0.244185 0.475315 -0.845251
1.26232 0.245 1.23535 34.2467 -36.2516 -0.244185 0.475315 -0.845251
1.44186 0.0127292 1.05286 43.0317 -25.8579 -0.123031 0.47897 -0.869167
1.12996 0 1.13581 30.328 -25.2883 -0.244185 0.475315 -0.845251
1.41117 0 1.05457 41.8522 -25.2883 -0.244185 0.475315 -0.845251
1.12996 0 1.13581 30.328 -25.2883 -0.244185 0.475315 -0.845251
1.44186 0.0127292 1.05286 43.0317 -25.8579 -0.123031 0.47897 -0.869167
1.6092 0.0384246 1.06675 41.9978 29.7823 0.879816 0.475315 8.00139e-015
1.4976 0.245 1.17835 46.3916 20.5384 0.879816 0.475315 8.00139e-015
1.62996 0 1.09055 42.9351 31.5017 0.879816 0.475315 8.00139e-015
1.62996 0 1.29599 51.0231 31.5017 0.879816 0.475315 8.00139e-015
1.62996 0 1.09055 42.9351 31.5017 0.879816 0.475315 8.00139e-015
1.4976 0.245 1.17835 46.3916 20.5384 0.879816 0.475315 8.00139e-015
1.4976 0.245 1.25157 49.2745 20.5384 0.879816 0.475315 8.00139e-015
1.62996 0 1.29599 51.0231 31.5017 0.879816 0.475315 8.00139e-015
1.4976 0.245 1.17835 46.3916 20.5384 0.879816 0.475315 8.00139e-015
1.4976 0.245 1.25157 3.73613 28.9934 0.701734 0.475315 0.530702
1.37504 0.245 1.41363 11.7353 28.9934 0.701734 0.475315 0.530702
1.62996 0 1.29599 1.98753 39.9567 0.701734 0.475315 0.530702
1.44089 0 1.54599 14.3278 39.9567 0.701734 0.475315 0.530702
1.62996 0 1.29599 1.98753 39.9567 0.701734 0.475315 0.530702
1.37504 0.245 1.41363 11.7353 28.9934 0.701734 0.475315 0.530702
1.33455 0.245 1.41363 -52.5413 18.9671 1.3018e-014 0.475315 0.879816
1.26426 0.0368282 1.52609 -49.7739 28.2824 1.3018e-014 0.475315 0.879816
1.37504 0.245 1.41363 -54.1354 18.9671 1.3018e-014 0.475315 0.879816
1.26426 0.0368282 1.52609 -75.8169 -9.0287 -0.79086 0.475315 0.385509
1.33455 0.245 1.41363 -73.0495 -18.3439 -0.79086 0.475315 0.385509
1.14199 0.0222757 1.29321 -65.4662 -8.37746 -0.79086 0.475315 0.385509
1.26232 0.245 1.26544 -66.5593 -18.3439 -0.79086 0.475315 0.385509
1.14199 0.0222757 1.29321 -65.4662 -8.37746 -0.79086 0.475315 0.385509
1.33455 0.245 1.41363 -73.0495 -18.3439 -0.79086 0.475315 0.385509
1.14199 0.0222757 1.29321 -50.9138 -21.1419 -0.879816 0.475315 1.22485e-014
1.26232 0.245 1.26544 -49.8207 -31.1084 -0.879816 0.475315 1.22485e-014
1.12996 0 1.24005 -48.8209 -20.1451 -0.879816 0.475315 1.22485e-014
1.29038 0 1.54599 8.87821 47.2575 0.585031 0.587155 0.559453
1.27847 0.0244665 1.53277 8.82633 46.0676 0.585031 0.587155 0.559453
1.18009 0 1.66132 15.1607 47.2575 0.585031 0.587155 0.559453
0.389345 0.265 1.24995 15.3286 -48.2107 0 1 0
0.353346 0.265 1.12392 13.9113 -43.2487 0 1 0
0.314428 0.265 1.30371 12.379 -50.3271 0 1 0
0.353346 0.265 1.12392 13.9113 -43.2487 0 1 0
0.22687 0.265 1.12392 8.93189 -43.2487 0 1 0
0.314428 0.265 1.30371 12.379 -50.3271 0 1 0
0.205946 0.265 1.19523 8.1081 -46.0562 0 1 0
0.314428 0.265 1.30371 12.379 -50.3271 0 1 0
0.22687 0.265 1.12392 8.93189 -43.2487 0 1 0
0.314428 0.265 1.30371 -45.0471 4.53388 -0.626413 0.463912 0.626413
0.205946 0.265 1.19523 -39.007 4.53388 -0.626413 0.463912 0.626413
0.299609 0 1.48514 -49.6855 16.3109 -0.626413 0.463912 0.626413
0.0496085 0 1.23514 -35.7661 16.3109 -0.626413 0.463912 0.626413
0.299609 0 1.48514 -49.6855 16.3109 -0.626413 0.463912 0.626413
0.205946 0.265 1.19523 -39.007 4.53388 -0.626413 0.463912 0.626413
0.205946 0.265 1.19523 -42.8696 -17.9982 -0.850042 0.463912 -0.249428
0.22687 0.265 1.12392 -39.9437 -17.9982 -0.850042 0.463912 -0.249428
0.0496085 0 1.23514 -46.1105 -6.22111 -0.850042 0.463912 -0.249428
0.299609 0 1.48514 24.504 26.2287 0.516462 0.463912 0.719759
0.349693 0 1.44921 22.0771 26.2287 0.516462 0.463912 0.719759
0.314428 0.265 1.30371 19.8656 14.4517 0.516462 0.463912 0.719759
0.483611 0.109129 1.28278 13.9734 21.3788 0.516462 0.463912 0.719759
0.314428 0.265 1.30371 19.8656 14.4517 0.516462 0.463912 0.719759
0.349693 0 1.44921 22.0771 26.2287 0.516462 0.463912 0.719759
0.389345 0.265 1.24995 16.2353 14.4517 0.516462 0.463912 0.719759
0.314428 0.265 1.30371 19.8656 14.4517 0.516462 0.463912 0.719759
0.483611 0.109129 1.28278 13.9734 21.3788 0.516462 0.463912 0.719759
0.349693 0 1.44921 -13.7674 -56.0554 0 -1 0
0.299609 0 1.48514 -11.7956 -57.4703 0 -1 0
0.37038 0 0.201065 -14.5819 -6.91596 0 -1 0
0.37038 0 0.201065 -14.5819 -6.91596 0 -1 0
0.379098 0 0.985145 -14.9251 -37.7852 0 -1 0
0.349693 0 1.44921 -13.7674 -56.0554 0 -1 0
0.353346 0.265 1.12392 13.9113 -28.77 2.48492e-015 0.463912 -0.885881
0.288162 0.08472 1.02951 11.3449 -20.758 2.48492e-015 0.463912 -0.885881
0.22687 0.265 1.12392 8.93189 -28.77 2.48492e-015 0.463912 -0.885881
0.156184 0.08472 1.02951 6.14898 -20.758 2.48492e-015 0.463912 -0.885881
0.22687 0.265 1.12392 8.93189 -28.77 2.48492e-015 0.463912 -0.885881
0.288162 0.08472 1.02951 11.3449 -20.758 2.48492e-015 0.463912 -0.885881
0.36764 0.245 0.780865 14.474 -29.7427 0 1 0
0.329668 0.245 0.70764 12.979 -26.8598 0 1 0
0.245083 0.245 0.94292 9.64893 -36.1228 0 1 0
0.36764 0.245 0.70764 14.474 -26.8598 0 1 0
0.329668 0.245 0.70764 12.979 -26.8598 0 1 0
0.36764 0.245 0.780865 14.474 -29.7427 0 1 0
0.329668 0.245 0.70764 12.979 -20.7286 -0.123031 0.47897 -0.869167
0.36764 0.245 0.70764 14.474 -20.7286 -2.49059e-015 0.475315 -0.879816
0.317158 0.0814214 0.619267 12.4865 -13.4088 -0.123031 0.47897 -0.869167
0.479893 0.0372177 0.595386 18.8934 -11.4307 -2.49059e-015 0.475315 -0.879816
0.317158 0.0814214 0.619267 12.4865 -13.4088 -0.123031 0.47897 -0.869167
0.36764 0.245 0.70764 14.474 -20.7286 -2.49059e-015 0.475315 -0.879816
0.451095 0.17 0.503404 8.84697 10.3189 0.709894 0.587155 0.388973
0.536673 0 0.603834 10.6955 18.5871 0.709894 0.587155 0.388973
0.467815 0.17 0.472888 7.47701 10.3189 0.709894 0.587155 0.388973
0.62038 0 0.451065 3.8373 18.5871 0.709894 0.587155 0.388973
0.467815 0.17 0.472888 7.47701 10.3189 0.709894 0.587155 0.388973
0.536673 0 0.603834 10.6955 18.5871 0.709894 0.587155 0.388973
0.536673 0 0.603834 -21.1289 -22.773 0 -1 0
0.616777 0 0.447463 -24.2826 -16.6166 0 -1 0
0.62038 0 0.451065 -24.4244 -16.7585 0 -1 0
0.309536 0.17 0.553782 -4.17116 10.0417 0.271401 0.587155 0.762621
0.285953 0.0829905 0.629165 -2.30137 14.2736 0.271401 0.587155 0.762621
0.451095 0.17 0.503404 -10.0867 10.0417 0.271401 0.587155 0.762621
0.285953 0.0829905 0.629165 -26.6881 1.46495 -0.657639 0.587155 0.471975
0.309536 0.17 0.553782 -24.8183 -2.76689 -0.657639 0.587155 0.471975
0.19684 0 0.60824 -23.9732 5.50133 -0.657639 0.587155 0.471975
0.106042 0 1.04282 -38.7342 7.76692 -0.79086 0.475315 0.385509
0.204592 0.245 0.94292 -36.8988 -3.19636 -0.79086 0.475315 0.385509
0 0 0.82528 -29.2062 7.76692 -0.79086 0.475315 0.385509
0.13236 0.245 0.794738 -30.4086 -3.19636 -0.79086 0.475315 0.385509
0 0 0.82528 -29.2062 7.76692 -0.79086 0.475315 0.385509
0.204592 0.245 0.94292 -36.8988 -3.19636 -0.79086 0.475315 0.385509
0.145209 0.069136 1.03793 -39.2367 4.67322 -0.79086 0.475315 0.385509
0.204592 0.245 0.94292 -36.8988 -3.19636 -0.79086 0.475315 0.385509
0.106042 0 1.04282 -38.7342 7.76692 -0.79086 0.475315 0.385509
0.37038 0 0.201065 3.2369 -8.55488 -0.622396 0.587155 -0.517564
0.12038 0 0.501703 -12.1569 -8.55488 -0.622396 0.587155 -0.517564
0.378766 0.17 0.383839 -2.08476 -16.8231 -0.622396 0.587155 -0.517564
0.276141 0.17 0.507251 -8.40393 -16.8231 -0.622396 0.587155 -0.517564
0.378766 0.17 0.383839 -2.08476 -16.8231 -0.622396 0.587155 -0.517564
0.12038 0 0.501703 -12.1569 -8.55488 -0.622396 0.587155 -0.517564
0.551955 0.0566031 0.440704 -27.796 -1.34515 -0.572428 0.463912 0.6761
0.573065 0.265 0.315584 -25.2472 -10.6067 -0.572428 0.463912 0.6761
0.392571 0.0708788 0.295965 -19.3249 -1.97959 -0.572428 0.463912 0.6761
0.516347 0.265 0.267563 -22.3214 -10.6067 -0.572428 0.463912 0.6761
0.392571 0.0708788 0.295965 -19.3249 -1.97959 -0.572428 0.463912 0.6761
0.573065 0.265 0.315584 -25.2472 -10.6067 -0.572428 0.463912 0.6761
0.516347 0.265 0.267563 20.3286 -9.534 0 1 0
0.573065 0.265 0.315584 22.5616 -11.4245 0 1 0
0.567588 0.265 0.151932 22.346 -4.98157 0 1 0
0.6974 0.265 0.170081 27.4567 -5.6961 0 1 0
0.567588 0.265 0.151932 22.346 -4.98157 0 1 0
0.573065 0.265 0.315584 22.5616 -11.4245 0 1 0
0.716195 0.265 0.260354 28.1967 -9.2502 0 1 0
0.6974 0.265 0.170081 27.4567 -5.6961 0 1 0
0.573065 0.265 0.315584 22.5616 -11.4245 0 1 0
0.716195 0.265 0.260354 15.7824 3.59441 0.867283 0.463912 -0.180573
0.8483 0.0321762 0.296698 18.2434 13.9415 0.867283 0.463912 -0.180573
0.6974 0.265 0.170081 12.1521 3.59441 0.867283 0.463912 -0.180573
0.8483 0.0321762 0.296698 18.2434 13.9415 0.867283 0.463912 -0.180573
0.796101 0.076098 0.15883 12.5106 11.9895 0.867283 0.463912 -0.180573
0.6974 0.265 0.170081 12.1521 3.59441 0.867283 0.463912 -0.180573
0.796101 0.076098 0.15883 -21.0867 -13.0515 -0.761943 0.475315 0.439908
0.8483 0.0321762 0.296698 -26.8149 -11.0861 -0.691205 0.47897 0.541132
0.920749 0.245 0.19223 -24.6791 -20.6095 -0.761943 0.475315 0.439908
0.939735 0.245 0.225115 -26.1741 -20.6095 -0.691205 0.47897 0.541132
0.920749 0.245 0.19223 -24.6791 -20.6095 -0.761943 0.475315 0.439908
0.8483 0.0321762 0.296698 -26.8149 -11.0861 -0.691205 0.47897 0.541132
0.920749 0.245 0.19223 36.25 -6.56809 0 1 0
0.939735 0.245 0.225115 36.9975 -7.86279 0 1 0
0.984164 0.245 0.155617 38.7466 -5.12664 0 1 0
1.08775 0.245 0.367488 42.8249 -13.468 0 1 0
0.984164 0.245 0.155617 38.7466 -5.12664 0 1 0
0.939735 0.245 0.225115 36.9975 -7.86279 0 1 0
1.18579 0.245 0.180727 46.6845 -6.11525 0 1 0
0.984164 0.245 0.155617 38.7466 -5.12664 0 1 0
1.08775 0.245 0.367488 42.8249 -13.468 0 1 0
1.11382 0.245 0.352439 43.8511 -12.8756 0 1 0
1.18579 0.245 0.180727 46.6845 -6.11525 0 1 0
1.08775 0.245 0.367488 42.8249 -13.468 0 1 0
1.20603 0.245 0.215793 47.4816 -7.4958 0 1 0
1.18579 0.245 0.180727 46.6845 -6.11525 0 1 0
1.11382 0.245 0.352439 43.8511 -12.8756 0 1 0
0.939735 0.245 0.225115 -32.8086 -16.6411 -0.691205 0.47897 0.541132
0.8483 0.0321762 0.296698 -32.1678 -7.11765 -0.691205 0.47897 0.541132
1.08775 0.245 0.367488 -40.8942 -16.6411 -0.609917 0.475315 0.634096
0.8483 0.0321762 0.296698 -32.1678 -7.11765 -0.691205 0.47897 0.541132
0.875999 0.000117821 0.347371 -34.3368 -5.6831 -0.609917 0.475315 0.634096
1.08775 0.245 0.367488 -40.8942 -16.6411 -0.609917 0.475315 0.634096
0.875999 0.000117821 0.347371 20.4188 15.3662 0.867283 0.463912 -0.180573
0.8483 0.0321762 0.296698 18.2434 13.9415 0.867283 0.463912 -0.180573
0.716195 0.265 0.260354 15.7824 3.59441 0.867283 0.463912 -0.180573
0.716195 0.265 0.260354 -22.6161 0.902926 0.318914 0.463912 0.826486
0.551955 0.0566031 0.440704 -14.0274 10.1644 0.318914 0.463912 0.826486
0.875999 0.000117821 0.347371 -27.2525 12.6747 0.318914 0.463912 0.826486
0.573065 0.265 0.315584 -16.5761 0.902926 0.318914 0.463912 0.826486
0.551955 0.0566031 0.440704 -14.0274 10.1644 0.318914 0.463912 0.826486
0.716195 0.265 0.260354 -22.6161 0.902926 0.318914 0.463912 0.826486
0.920749 0.245 0.19223 27.6093 -19.2168 -0.439908 0.475315 -0.761943
0.984164 0.245 0.155617 30.4922 -19.2168 -0.439908 0.475315 -0.761943
0.796101 0.076098 0.15883 24.0169 -11.6587 -0.439908 0.475315 -0.761943
1.32508 0.17 0.41223 44.1549 -23.3099 -0.260866 0.587155 -0.766289
1.44429 0.17 0.371646 49.113 -23.3099 -0.260866 0.587155 -0.766289
1.22139 0.064888 0.366989 40.8645 -18.1976 -0.260866 0.587155 -0.766289
1.32508 0.17 0.41223 52.1684 -15.2295 0 1 0
1.3905 0.17 0.558799 54.7441 -21 0 1 0
1.44429 0.17 0.371646 56.8619 -13.6317 0 1 0
1.44699 0.17 0.549379 56.9683 -20.6291 0 1 0
1.44429 0.17 0.371646 56.8619 -13.6317 0 1 0
1.3905 0.17 0.558799 54.7441 -21 0 1 0
1.46429 0.17 0.400122 57.6492 -14.7528 0 1 0
1.44429 0.17 0.371646 56.8619 -13.6317 0 1 0
1.44699 0.17 0.549379 56.9683 -20.6291 0 1 0
1.44699 0.17 0.549379 -52.6352 13.6103 0.133133 0.587155 0.798452
1.3905 0.17 0.558799 -50.3803 13.6103 0.133133 0.587155 0.798452
1.53422 0.0373747 0.632363 -55.4852 20.0607 0.133133 0.587155 0.798452
1.56612 0 0.592638 -61.6581 -22.3322 0 -1 0
1.49207 0 0.225122 -58.7429 -7.86306 0 -1 0
1.59219 0 0.367677 -62.6845 -13.4755 0 -1 0
1.84335 0 0.807548 -7.45826 37.5932 0.774366 0.463912 0.430282
1.6712 0.265 0.831652 -3.33679 25.8161 0.774366 0.463912 0.430282
1.68139 0 1.09901 5.66911 37.5932 0.774366 0.463912 0.430282
1.60753 0.265 0.946226 1.8236 25.8161 0.774366 0.463912 0.430282
1.68139 0 1.09901 5.66911 37.5932 0.774366 0.463912 0.430282
1.6712 0.265 0.831652 -3.33679 25.8161 0.774366 0.463912 0.430282
