Vertex Count: 120

Data:

0.375162 0.135586 0 -2.20097e-007 -4.33802 1 1.11988e-015 1.49015e-008
0.375162 0.190814 0.153913 6.05958 -6.51236 1 1.11988e-015 1.49015e-008
0.375162 0 0.124348 4.8956 1 1 1.11988e-015 1.49015e-008
0.375162 0 0.375162 14.7702 1 1 1.11988e-015 1.49015e-008
0.375162 0 0.124348 4.8956 1 1 1.11988e-015 1.49015e-008
0.375162 0.190814 0.153913 6.05958 -6.51236 1 1.11988e-015 1.49015e-008
0.375162 0 0.124348 4.8956 1 -1 -1.11988e-015 -1.49015e-008
0.375162 0.190814 0.153913 6.05958 -6.51236 -1 -1.11988e-015 -1.49015e-008
0.375162 0.135586 0 -2.20097e-007 -4.33802 -1 -1.11988e-015 -1.49015e-008
0.375162 0.190814 0.153913 6.05958 -6.51236 -1 -1.11988e-015 -1.49015e-008
0.375162 0 0.124348 4.8956 1 -1 -1.11988e-015 -1.49015e-008
0.375162 0 0.375162 14.7702 1 -1 -1.11988e-015 -1.49015e-008
0.375162 0.349284 0.268606 10.5751 -12.7514 1 1.11988e-015 1.49015e-008
0.375162 0 0.375162 14.7702 1 1 1.11988e-015 1.49015e-008
0.375162 0.190814 0.153913 6.05958 -6.51236 1 1.11988e-015 1.49015e-008
0.375162 0.190814 0.153913 6.05958 -6.51236 -1 -1.11988e-015 -1.49015e-008
0.375162 0 0.375162 14.7702 1 -1 -1.11988e-015 -1.49015e-008
0.375162 0.349284 0.268606 10.5751 -12.7514 -1 -1.11988e-015 -1.49015e-008
0.375162 0.63535 0.375162 14.7702 -24.0138 1 1.11988e-015 1.49015e-008
0.375162 0 0.375162 14.7702 1 1 1.11988e-015 1.49015e-008
0.375162 0.349284 0.268606 10.5751 -12.7514 1 1.11988e-015 1.49015e-008
0.375162 0.349284 0.268606 10.5751 -12.7514 -1 -1.11988e-015 -1.49015e-008
0.375162 0 0.375162 14.7702 1 -1 -1.11988e-015 -1.49015e-008
0.375162 0.63535 0.375162 14.7702 -24.0138 -1 -1.11988e-015 -1.49015e-008
0.375162 0.63535 0.375162 14.7702 -24.0138 1 1.00359e-015 1.49015e-008
0.375162 0.349284 0.481718 18.9653 -12.7514 1 1.00359e-015 1.49015e-008
0.375162 0 0.375162 14.7702 1 1 1.00359e-015 1.49015e-008
0.375162 0 0.625976 24.6447 1 1 1.00359e-015 1.49015e-008
0.375162 0 0.375162 14.7702 1 1 1.00359e-015 1.49015e-008
0.375162 0.349284 0.481718 18.9653 -12.7514 1 1.00359e-015 1.49015e-008
0.375162 0 0.375162 14.7702 1 -1 -1.00359e-015 -1.49015e-008
0.375162 0.349284 0.481718 18.9653 -12.7514 -1 -1.00359e-015 -1.49015e-008
0.375162 0.63535 0.375162 14.7702 -24.0138 -1 -1.00359e-015 -1.49015e-008
0.375162 0.349284 0.481718 18.9653 -12.7514 -1 -1.00359e-015 -1.49015e-008
0.375162 0 0.375162 14.7702 1 -1 -1.00359e-015 -1.49015e-008
0.375162 0 0.625976 24.6447 1 -1 -1.00359e-015 -1.49015e-008
0.375162 0.190814 0.596411 23.4807 -6.51236 1 1.00359e-015 1.49015e-008
0.375162 0 0.625976 24.6447 1 1 1.00359e-015 1.49015e-008
0.375162 0.349284 0.481718 18.9653 -12.7514 1 1.00359e-015 1.49015e-008
0.375162 0.349284 0.481718 18.9653 -12.7514 -1 -1.00359e-015 -1.49015e-008
0.375162 0 0.625976 24.6447 1 -1 -1.00359e-015 -1.49015e-008
0.375162 0.190814 0.596411 23.4807 -6.51236 -1 -1.00359e-015 -1.49015e-008
0.375162 0.135586 0.750324 29.5403 -4.33802 1 1.00359e-015 1.49015e-008
0.375162 0 0.625976 24.6447 1 1 1.00359e-015 1.49015e-008
0.375162 0.190814 0.596411 23.4807 -6.51236 1 1.00359e-015 1.49015e-008
0.375162 0.190814 0.596411 23.4807 -6.51236 -1 -1.00359e-015 -1.49015e-008
0.375162 0 0.625976 24.6447 1 -1 -1.00359e-015 -1.49015e-008
0.375162 0.135586 0.750324 29.5403 -4.33802 -1 -1.00359e-015 -1.49015e-008
0.375162 0.190814 0.596411 23.4807 -6.51236 1 1.00359e-015 1.49015e-008
0.375162 0.349284 0.481718 18.9653 -12.7514 1 1.00359e-015 1.49015e-008
0.375162 0.420713 0.633457 24.9392 -15.5635 1 1.00359e-015 1.49015e-008
0.375162 0.420713 0.633457 24.9392 -15.5635 -1 -1.00359e-015 -1.49015e-008
0.375162 0.349284 0.481718 18.9653 -12.7514 -1 -1.00359e-015 -1.49015e-008
0.375162 0.190814 0.596411 23.4807 -6.51236 -1 -1.00359e-015 -1.49015e-008
0.375162 0.63535 0.375162 14.7702 -24.0138 2.91428e-012 1.19877e-015 -1
0.481718 0.349284 0.375162 18.9653 -12.7514 2.91428e-012 1.19877e-015 -1
0.375162 0 0.375162 14.7702 1 2.91428e-012 1.19877e-015 -1
0.481718 0.349284 0.375162 18.9653 -12.7514 2.91428e-012 1.19877e-015 -1
0.596411 0.190814 0.375162 23.4807 -6.51236 2.91428e-012 1.19877e-015 -1
0.375162 0 0.375162 14.7702 1 2.91428e-012 1.19877e-015 -1
0.596411 0.190814 0.375162 23.4807 -6.51236 2.91428e-012 1.19877e-015 -1
0.750324 0.135586 0.375162 29.5403 -4.33802 2.91428e-012 1.19877e-015 -1
0.375162 0 0.375162 14.7702 1 2.91428e-012 1.19877e-015 -1
0.625976 0 0.375162 24.6447 1 2.91428e-012 1.19877e-015 -1
0.375162 0 0.375162 14.7702 1 2.91428e-012 1.19877e-015 -1
0.750324 0.135586 0.375162 29.5403 -4.33802 2.91428e-012 1.19877e-015 -1
0.750324 0.135586 0.375162 29.5403 -4.33802 -2.91428e-012 -1.19877e-015 1
0.375162 0 0.375162 14.7702 1 -2.91428e-012 -1.19877e-015 1
0.625976 0 0.375162 24.6447 1 -2.91428e-012 -1.19877e-015 1
0.375162 0 0.375162 14.7702 1 -2.91428e-012 -1.19877e-015 1
0.750324 0.135586 0.375162 29.5403 -4.33802 -2.91428e-012 -1.19877e-015 1
0.596411 0.190814 0.375162 23.4807 -6.51236 -2.91428e-012 -1.19877e-015 1
0.375162 0 0.375162 14.7702 1 -2.91428e-012 -1.19877e-015 1
0.596411 0.190814 0.375162 23.4807 -6.51236 -2.91428e-012 -1.19877e-015 1
0.481718 0.349284 0.375162 18.9653 -12.7514 -2.91428e-012 -1.19877e-015 1
0.596411 0.190814 0.375162 23.4807 -6.51236 2.91428e-012 1.19877e-015 -1
0.481718 0.349284 0.375162 18.9653 -12.7514 2.91428e-012 1.19877e-015 -1
0.633457 0.420713 0.375162 24.9392 -15.5635 2.91428e-012 1.19877e-015 -1
0.633457 0.420713 0.375162 24.9392 -15.5635 -2.91428e-012 -1.19877e-015 1
0.481718 0.349284 0.375162 18.9653 -12.7514 -2.91428e-012 -1.19877e-015 1
0.596411 0.190814 0.375162 23.4807 -6.51236 -2.91428e-012 -1.19877e-015 1
0.375162 0 0.375162 14.7702 1 -2.91428e-012 -1.19877e-015 1
0.481718 0.349284 0.375162 18.9653 -12.7514 -2.91428e-012 -1.19877e-015 1
0.375162 0.63535 0.375162 14.7702 -24.0138 -2.91428e-012 -1.19877e-015 1
0.375162 0.63535 0.375162 14.7702 -24.0138 2.91393e-012 1.34635e-015 -1
0.375162 0 0.375162 14.7702 1 2.91393e-012 1.34635e-015 -1
0.268606 0.349284 0.375162 10.5751 -12.7514 2.91393e-012 1.34635e-015 -1
0.124348 0 0.375162 4.8956 1 2.91393e-012 1.34635e-015 -1
0.268606 0.349284 0.375162 10.5751 -12.7514 2.91393e-012 1.34635e-015 -1
0.375162 0 0.375162 14.7702 1 2.91393e-012 1.34635e-015 -1
0.375162 0 0.375162 14.7702 1 -2.91393e-012 -1.34635e-015 1
0.268606 0.349284 0.375162 10.5751 -12.7514 -2.91393e-012 -1.34635e-015 1
0.124348 0 0.375162 4.8956 1 -2.91393e-012 -1.34635e-015 1
0.153913 0.190814 0.375162 6.05958 -6.51236 2.91393e-012 1.34635e-015 -1
0.268606 0.349284 0.375162 10.5751 -12.7514 2.91393e-012 1.34635e-015 -1
0.124348 0 0.375162 4.8956 1 2.91393e-012 1.34635e-015 -1
0.124348 0 0.375162 4.8956 1 -2.91393e-012 -1.34635e-015 1
0.268606 0.349284 0.375162 10.5751 -12.7514 -2.91393e-012 -1.34635e-015 1
0.153913 0.190814 0.375162 6.05958 -6.51236 -2.91393e-012 -1.34635e-015 1
0.268606 0.349284 0.375162 10.5751 -12.7514 2.91393e-012 1.34635e-015 -1
0.153913 0.190814 0.375162 6.05958 -6.51236 2.91393e-012 1.34635e-015 -1
0.116868 0.420713 0.375162 4.60108 -15.5635 2.91393e-012 1.34635e-015 -1
0.116868 0.420713 0.375162 4.60108 -15.5635 -2.91393e-012 -1.34635e-015 1
0.153913 0.190814 0.375162 6.05958 -6.51236 -2.91393e-012 -1.34635e-015 1
0.268606 0.349284 0.375162 10.5751 -12.7514 -2.91393e-012 -1.34635e-015 1
0 0.135586 0.375162 4.30392e-011 -4.33802 2.91393e-012 1.34635e-015 -1
0.153913 0.190814 0.375162 6.05958 -6.51236 2.91393e-012 1.34635e-015 -1
0.124348 0 0.375162 4.8956 1 2.91393e-012 1.34635e-015 -1
0.124348 0 0.375162 4.8956 1 -2.91393e-012 -1.34635e-015 1
0.153913 0.190814 0.375162 6.05958 -6.51236 -2.91393e-012 -1.34635e-015 1
0 0.135586 0.375162 4.30392e-011 -4.33802 -2.91393e-012 -1.34635e-015 1
0.268606 0.349284 0.375162 10.5751 -12.7514 -2.91393e-012 -1.34635e-015 1
0.375162 0 0.375162 14.7702 1 -2.91393e-012 -1.34635e-015 1
0.375162 0.63535 0.375162 14.7702 -24.0138 -2.91393e-012 -1.34635e-015 1
0.375162 0.190814 0.153913 6.05958 -6.51236 1 1.11988e-015 1.49015e-008
0.375162 0.420713 0.116868 4.60108 -15.5635 1 1.11988e-015 1.49015e-008
0.375162 0.349284 0.268606 10.5751 -12.7514 1 1.11988e-015 1.49015e-008
0.375162 0.349284 0.268606 10.5751 -12.7514 -1 -1.11988e-015 -1.49015e-008
0.375162 0.420713 0.116868 4.60108 -15.5635 -1 -1.11988e-015 -1.49015e-008
0.375162 0.190814 0.153913 6.05958 -6.51236 -1 -1.11988e-015 -1.49015e-008
