Vertex Count: 198

Data:

1.36492 1.575 2.1963 -99.958 -61.465 -0.781727 0.547317 0.298909
1.23215 1.575 1.84905 -85.3214 -61.465 -0.781727 0.547317 0.298909
1.08617 1.11375 2.31186 -100.288 -39.7672 -0.781727 0.547317 0.298909
1.08617 1.11375 2.31186 -86.7792 -52.9134 -0.971726 0.219015 -0.0882152
1.23215 1.575 1.84905 -68.1134 -71.5247 -0.971726 0.219015 -0.0882152
0.962411 0.6525 2.52998 -95.7718 -34.3021 -0.971726 0.219015 -0.0882152
0.962411 0.6525 2.52998 -95.7718 -34.3021 -0.971726 0.219015 -0.0882152
1.23215 1.575 1.84905 -68.1134 -71.5247 -0.971726 0.219015 -0.0882152
1.03293 0.6525 1.75317 -65.0631 -34.3021 -0.971726 0.219015 -0.0882152
1.25436 1.575 1.60436 -58.4402 -71.5247 -0.971726 0.219015 -0.0882152
1.03293 0.6525 1.75317 -65.0631 -34.3021 -0.971726 0.219015 -0.0882152
1.23215 1.575 1.84905 -68.1134 -71.5247 -0.971726 0.219015 -0.0882152
1.25436 1.575 1.60436 -77.6161 -53.4896 -0.586555 0.26429 0.765574
0.603614 1.575 1.10578 -45.341 -53.4896 -0.586555 0.26429 0.765574
1.03293 0.6525 1.75317 -74.2592 -15.8317 -0.586555 0.26429 0.765574
0 0.6525 0.961776 -23.0289 -15.8317 -0.586555 0.26429 0.765574
1.03293 0.6525 1.75317 -74.2592 -15.8317 -0.586555 0.26429 0.765574
0.603614 1.575 1.10578 -45.341 -53.4896 -0.586555 0.26429 0.765574
1.03293 0.6525 1.75317 -74.2592 -30.3045 -0.595267 -0.204973 0.776945
0 0.6525 0.961776 -23.0289 -30.3045 -0.595267 -0.204973 0.776945
1.15262 1.6243e-015 1.67273 -76.0737 -4.05825 -0.595267 -0.204973 0.776945
0.326278 1.6243e-015 1.03962 -35.0895 -4.05825 -0.595267 -0.204973 0.776945
1.15262 1.6243e-015 1.67273 -76.0737 -4.05825 -0.595267 -0.204973 0.776945
0 0.6525 0.961776 -23.0289 -30.3045 -0.595267 -0.204973 0.776945
0.326278 1.6243e-015 1.03962 -12.8456 -39.9298 7.3184e-018 -1 1.28602e-016
0.812822 1.6243e-015 0.404576 -32.0009 -14.9282 7.3184e-018 -1 1.28602e-016
1.15262 1.6243e-015 1.67273 -45.3788 -64.8556 7.3184e-018 -1 1.28602e-016
1.33389 1.6243e-015 0.270195 -52.5152 -9.6376 7.3184e-018 -1 1.28602e-016
1.15262 1.6243e-015 1.67273 -45.3788 -64.8556 7.3184e-018 -1 1.28602e-016
0.812822 1.6243e-015 0.404576 -32.0009 -14.9282 7.3184e-018 -1 1.28602e-016
1.31518 1.66942e-015 2.43907 -51.7789 -95.0264 7.3184e-018 -1 1.28602e-016
1.15262 1.6243e-015 1.67273 -45.3788 -64.8556 7.3184e-018 -1 1.28602e-016
1.33389 1.6243e-015 0.270195 -52.5152 -9.6376 7.3184e-018 -1 1.28602e-016
1.09621 0 2.29418 -43.1577 -89.3219 7.3184e-018 -1 1.28602e-016
1.15262 1.6243e-015 1.67273 -45.3788 -64.8556 7.3184e-018 -1 1.28602e-016
1.31518 1.66942e-015 2.43907 -51.7789 -95.0264 7.3184e-018 -1 1.28602e-016
1.15262 1.6243e-015 1.67273 -61.4831 9.64738 -0.981568 -0.169069 -0.0891087
1.09621 0 2.29418 -86.0501 9.64738 -0.981568 -0.169069 -0.0891087
1.03293 0.6525 1.75317 -65.0631 -16.4168 -0.981568 -0.169069 -0.0891087
0.962411 0.6525 2.52998 -95.7718 -16.4168 -0.981568 -0.169069 -0.0891087
1.03293 0.6525 1.75317 -65.0631 -16.4168 -0.981568 -0.169069 -0.0891087
1.09621 0 2.29418 -86.0501 9.64738 -0.981568 -0.169069 -0.0891087
1.09621 0 2.29418 -85.8336 -18.7246 -0.509761 -0.382932 0.770394
1.31518 1.66942e-015 2.43907 -96.1711 -18.7246 -0.509761 -0.382932 0.770394
0.962411 0.6525 2.52998 -86.5635 -46.5333 -0.509761 -0.382932 0.770394
1.46768 0.408511 2.74303 -107.782 -36.1348 -0.509761 -0.382932 0.770394
0.962411 0.6525 2.52998 -86.5635 -46.5333 -0.509761 -0.382932 0.770394
1.31518 1.66942e-015 2.43907 -96.1711 -18.7246 -0.509761 -0.382932 0.770394
1.45445 0.6525 2.85555 -109.792 -46.5333 -0.509761 -0.382932 0.770394
0.962411 0.6525 2.52998 -86.5635 -46.5333 -0.509761 -0.382932 0.770394
1.46768 0.408511 2.74303 -107.782 -36.1348 -0.509761 -0.382932 0.770394
0.962411 0.6525 2.52998 -86.5635 8.05608 -0.485059 0.476799 0.733062
1.45445 0.6525 2.85555 -109.792 8.05608 -0.485059 0.476799 0.733062
1.08617 1.11375 2.31186 -85.8883 -12.6028 -0.485059 0.476799 0.733062
1.51992 1.575 2.29886 -99.847 -33.2618 -0.485059 0.476799 0.733062
1.08617 1.11375 2.31186 -85.8883 -12.6028 -0.485059 0.476799 0.733062
1.45445 0.6525 2.85555 -109.792 8.05608 -0.485059 0.476799 0.733062
1.36492 1.575 2.1963 -92.5301 -33.2618 -0.485059 0.476799 0.733062
1.08617 1.11375 2.31186 -85.8883 -12.6028 -0.485059 0.476799 0.733062
1.51992 1.575 2.29886 -99.847 -33.2618 -0.485059 0.476799 0.733062
1.51992 1.575 2.29886 59.8392 -89.5062 2.0572e-016 1 3.97522e-017
1.39711 1.575 0.499861 55.0042 -18.6796 2.0572e-016 1 3.97522e-017
1.36492 1.575 2.1963 53.7372 -85.4686 2.0572e-016 1 3.97522e-017
1.36492 1.575 2.1963 53.7372 -85.4686 2.0572e-016 1 3.97522e-017
1.39711 1.575 0.499861 55.0042 -18.6796 2.0572e-016 1 3.97522e-017
1.25436 1.575 1.60436 49.3843 -62.1637 2.0572e-016 1 3.97522e-017
1.39711 1.575 0.499861 55.0042 -18.6796 2.0572e-016 1 3.97522e-017
0.986767 1.575 0.605686 38.8491 -22.8459 2.0572e-016 1 3.97522e-017
1.25436 1.575 1.60436 49.3843 -62.1637 2.0572e-016 1 3.97522e-017
0.603614 1.575 1.10578 23.7643 -42.5346 2.0572e-016 1 3.97522e-017
1.25436 1.575 1.60436 49.3843 -62.1637 2.0572e-016 1 3.97522e-017
0.986767 1.575 0.605686 38.8491 -22.8459 2.0572e-016 1 3.97522e-017
0.603614 1.575 1.10578 -20.1048 -75.568 -0.676361 0.523451 -0.518203
0.986767 1.575 0.605686 4.69838 -75.568 -0.676361 0.523451 -0.518203
0 0.6525 0.961776 -30.0574 -32.9429 -0.676361 0.523451 -0.518203
0.60818 0.6525 0.167977 9.31271 -32.9429 -0.676361 0.523451 -0.518203
0 0.6525 0.961776 -30.0574 -32.9429 -0.676361 0.523451 -0.518203
0.986767 1.575 0.605686 4.69838 -75.568 -0.676361 0.523451 -0.518203
0.60818 0.6525 0.167977 9.31271 -12.4669 -0.718549 -0.42498 -0.550526
0.812822 1.6243e-015 0.404576 6.81848 15.9123 -0.718549 -0.42498 -0.550526
0 0.6525 0.961776 -30.0574 -12.4669 -0.718549 -0.42498 -0.550526
0.326278 1.6243e-015 1.03962 -24.6776 15.9123 -0.718549 -0.42498 -0.550526
0 0.6525 0.961776 -30.0574 -12.4669 -0.718549 -0.42498 -0.550526
0.812822 1.6243e-015 0.404576 6.81848 15.9123 -0.718549 -0.42498 -0.550526
0.60818 0.6525 0.167977 21.534 -17.7182 -0.229463 -0.394591 -0.889744
1.25951 0.6525 0 48.016 -17.7182 -0.229463 -0.394591 -0.889744
0.812822 1.6243e-015 0.404576 27.0093 10.2394 -0.229463 -0.394591 -0.889744
1.33389 1.6243e-015 0.270195 48.1949 10.2394 -0.229463 -0.394591 -0.889744
0.812822 1.6243e-015 0.404576 27.0093 10.2394 -0.229463 -0.394591 -0.889744
1.25951 0.6525 0 48.016 -17.7182 -0.229463 -0.394591 -0.889744
1.25951 0.6525 0 49.3972 -24.4494 0.0810951 -0.373423 -0.92411
2.49808 0.32625 0.240525 98.801 -10.6033 0.0810951 -0.373423 -0.92411
1.33389 1.6243e-015 0.270195 53.2441 3.2428 0.0810951 -0.373423 -0.92411
1.94753 1.6243e-015 0.324045 77.4961 3.2428 0.0810951 -0.373423 -0.92411
1.33389 1.6243e-015 0.270195 53.2441 3.2428 0.0810951 -0.373423 -0.92411
2.49808 0.32625 0.240525 98.801 -10.6033 0.0810951 -0.373423 -0.92411
1.94753 1.6243e-015 0.324045 -76.6744 -11.7577 7.3184e-018 -1 1.28602e-016
2.04859 2.43645e-015 2.24255 -80.6531 -87.2895 7.3184e-018 -1 1.28602e-016
1.33389 1.6243e-015 0.270195 -52.5152 -9.6376 7.3184e-018 -1 1.28602e-016
2.04859 2.43645e-015 2.24255 -80.6531 -87.2895 7.3184e-018 -1 1.28602e-016
1.31518 1.66942e-015 2.43907 -51.7789 -95.0264 7.3184e-018 -1 1.28602e-016
1.33389 1.6243e-015 0.270195 -52.5152 -9.6376 7.3184e-018 -1 1.28602e-016
1.31518 1.66942e-015 2.43907 -25.1611 -66.0813 0.200595 -0.631915 0.748629
2.04859 2.43645e-015 2.24255 -55.0539 -66.0813 0.200595 -0.631915 0.748629
1.46768 0.408511 2.74303 -27.8631 -86.8327 0.200595 -0.631915 0.748629
2.04859 2.43645e-015 2.24255 -27.3619 -39.9871 0.456403 -0.352093 0.817146
2.60734 3.2486e-015 1.93047 -52.5587 -39.9871 0.456403 -0.352093 0.817146
1.46768 0.408511 2.74303 2.21329 -57.1706 0.456403 -0.352093 0.817146
2.85133 0.6525 2.07535 -58.1638 -67.4336 0.456403 -0.352093 0.817146
1.46768 0.408511 2.74303 2.21329 -57.1706 0.456403 -0.352093 0.817146
2.60734 3.2486e-015 1.93047 -52.5587 -39.9871 0.456403 -0.352093 0.817146
1.45445 0.6525 2.85555 4.8283 -67.4336 0.456403 -0.352093 0.817146
1.46768 0.408511 2.74303 2.21329 -57.1706 0.456403 -0.352093 0.817146
2.85133 0.6525 2.07535 -58.1638 -67.4336 0.456403 -0.352093 0.817146
1.45445 0.6525 2.85555 4.8283 33.6313 0.437496 0.44164 0.783295
2.85133 0.6525 2.07535 -58.1638 33.6313 0.437496 0.44164 0.783295
1.51992 1.575 2.29886 -8.10935 -6.84933 0.437496 0.44164 0.783295
2.39995 1.575 1.80733 -47.7944 -6.84933 0.437496 0.44164 0.783295
1.51992 1.575 2.29886 -8.10935 -6.84933 0.437496 0.44164 0.783295
2.85133 0.6525 2.07535 -58.1638 33.6313 0.437496 0.44164 0.783295
2.39995 1.575 1.80733 94.4863 -70.1547 2.0572e-016 1 3.97522e-017
1.81759 1.575 0.53676 71.5587 -20.1323 2.0572e-016 1 3.97522e-017
1.51992 1.575 2.29886 59.8392 -89.5062 2.0572e-016 1 3.97522e-017
1.81759 1.575 0.53676 71.5587 -20.1323 2.0572e-016 1 3.97522e-017
1.39711 1.575 0.499861 55.0042 -18.6796 2.0572e-016 1 3.97522e-017
1.51992 1.575 2.29886 59.8392 -89.5062 2.0572e-016 1 3.97522e-017
1.81759 1.575 0.53676 73.1321 -60.7577 0.077345 0.466041 -0.881376
2.41623 1.11375 0.3454 95.9517 -40.2331 0.077345 0.466041 -0.881376
1.39711 1.575 0.499861 56.514 -60.7577 0.077345 0.466041 -0.881376
1.39711 1.575 0.499861 56.514 -60.7577 0.077345 0.466041 -0.881376
2.41623 1.11375 0.3454 95.9517 -40.2331 0.077345 0.466041 -0.881376
1.25951 0.6525 0 49.3972 -19.7084 0.077345 0.466041 -0.881376
2.59438 0.6525 0.117141 102.153 -19.7084 0.077345 0.466041 -0.881376
1.25951 0.6525 0 49.3972 -19.7084 0.077345 0.466041 -0.881376
2.41623 1.11375 0.3454 95.9517 -40.2331 0.077345 0.466041 -0.881376
2.59438 0.6525 0.117141 102.153 -24.4494 0.0810951 -0.373423 -0.92411
2.49808 0.32625 0.240525 98.801 -10.6033 0.0810951 -0.373423 -0.92411
1.25951 0.6525 0 49.3972 -24.4494 0.0810951 -0.373423 -0.92411
2.59438 0.6525 0.117141 49.564 -58.0831 0.82201 -0.397028 -0.408251
3.10147 0.6525 1.13815 94.4459 -58.0831 0.82201 -0.397028 -0.408251
2.49808 0.32625 0.240525 52.2282 -44.0884 0.82201 -0.397028 -0.408251
2.60462 8.1215e-016 0.772312 72.8451 -30.0936 0.82201 -0.397028 -0.408251
2.49808 0.32625 0.240525 52.2282 -44.0884 0.82201 -0.397028 -0.408251
3.10147 0.6525 1.13815 94.4459 -58.0831 0.82201 -0.397028 -0.408251
1.94753 1.6243e-015 0.324045 70.5287 -23.7681 0.367515 -0.758101 -0.538718
2.49808 0.32625 0.240525 86.5812 -43.4641 0.367515 -0.758101 -0.538718
2.60462 8.1215e-016 0.772312 101.845 -23.7681 0.367515 -0.758101 -0.538718
2.60462 8.1215e-016 0.772312 -102.544 -29.406 7.3184e-018 -1 1.28602e-016
2.04859 2.43645e-015 2.24255 -80.6531 -87.2895 7.3184e-018 -1 1.28602e-016
1.94753 1.6243e-015 0.324045 -76.6744 -11.7577 7.3184e-018 -1 1.28602e-016
2.60734 3.2486e-015 1.93047 -102.651 -75.0028 7.3184e-018 -1 1.28602e-016
2.04859 2.43645e-015 2.24255 -80.6531 -87.2895 7.3184e-018 -1 1.28602e-016
2.60462 8.1215e-016 0.772312 -102.544 -29.406 7.3184e-018 -1 1.28602e-016
2.80745 0 1.18072 -110.53 -45.4849 7.3184e-018 -1 1.28602e-016
2.60734 3.2486e-015 1.93047 -102.651 -75.0028 7.3184e-018 -1 1.28602e-016
2.60462 8.1215e-016 0.772312 -102.544 -29.406 7.3184e-018 -1 1.28602e-016
2.60734 3.2486e-015 1.93047 46.9614 -44.8586 0.891265 -0.386085 0.237878
2.80745 0 1.18072 16.4102 -44.8586 0.891265 -0.386085 0.237878
2.85133 0.6525 2.07535 49.9952 -72.7069 0.891265 -0.386085 0.237878
3.10147 0.6525 1.13815 11.8062 -72.7069 0.891265 -0.386085 0.237878
2.85133 0.6525 2.07535 49.9952 -72.7069 0.891265 -0.386085 0.237878
2.80745 0 1.18072 16.4102 -44.8586 0.891265 -0.386085 0.237878
3.10147 0.6525 1.13815 11.8062 40.6887 0.847413 0.48035 0.226174
2.55754 1.575 1.2169 20.3237 -0.72036 0.847413 0.48035 0.226174
2.85133 0.6525 2.07535 49.9952 40.6887 0.847413 0.48035 0.226174
2.39995 1.575 1.80733 44.3828 -0.72036 0.847413 0.48035 0.226174
2.85133 0.6525 2.07535 49.9952 40.6887 0.847413 0.48035 0.226174
2.55754 1.575 1.2169 20.3237 -0.72036 0.847413 0.48035 0.226174
2.55754 1.575 1.2169 100.69 -46.9093 2.0572e-016 1 3.97522e-017
2.42583 1.575 0.951702 95.5051 -36.4686 2.0572e-016 1 3.97522e-017
2.39995 1.575 1.80733 94.4863 -70.1547 2.0572e-016 1 3.97522e-017
2.42583 1.575 0.951702 95.5051 -36.4686 2.0572e-016 1 3.97522e-017
1.81759 1.575 0.53676 71.5587 -20.1323 2.0572e-016 1 3.97522e-017
2.39995 1.575 1.80733 94.4863 -70.1547 2.0572e-016 1 3.97522e-017
2.41623 1.11375 0.3454 86.246 2.13708 0.384005 0.731912 -0.56289
1.81759 1.575 0.53676 71.0223 -24.5132 0.384005 0.731912 -0.56289
2.42583 1.575 0.951702 100.01 -24.5132 0.384005 0.731912 -0.56289
2.42583 1.575 0.951702 76.0396 -19.0365 0.779419 0.492607 -0.387098
3.10147 0.6525 1.13815 94.4459 22.6972 0.779419 0.492607 -0.387098
2.41623 1.11375 0.3454 54.4927 1.83035 0.779419 0.492607 -0.387098
2.59438 0.6525 0.117141 49.564 22.6972 0.779419 0.492607 -0.387098
2.41623 1.11375 0.3454 54.4927 1.83035 0.779419 0.492607 -0.387098
3.10147 0.6525 1.13815 94.4459 22.6972 0.779419 0.492607 -0.387098
2.55754 1.575 1.2169 87.6971 -19.0365 0.779419 0.492607 -0.387098
3.10147 0.6525 1.13815 94.4459 22.6972 0.779419 0.492607 -0.387098
2.42583 1.575 0.951702 76.0396 -19.0365 0.779419 0.492607 -0.387098
2.80745 0 1.18072 90.7979 -30.0936 0.82201 -0.397028 -0.408251
2.60462 8.1215e-016 0.772312 72.8451 -30.0936 0.82201 -0.397028 -0.408251
3.10147 0.6525 1.13815 94.4459 -58.0831 0.82201 -0.397028 -0.408251
1.25951 0.6525 0 48.016 -27.4617 -0.217708 0.489886 -0.844165
0.60818 0.6525 0.167977 21.534 -27.4617 -0.217708 0.489886 -0.844165
1.39711 1.575 0.499861 48.3469 -69.122 -0.217708 0.489886 -0.844165
0.986767 1.575 0.605686 31.6633 -69.122 -0.217708 0.489886 -0.844165
1.39711 1.575 0.499861 48.3469 -69.122 -0.217708 0.489886 -0.844165
0.60818 0.6525 0.167977 21.534 -27.4617 -0.217708 0.489886 -0.844165
1.25436 1.575 1.60436 49.3843 -62.1637 2.0572e-016 1 3.97522e-017
1.23215 1.575 1.84905 48.5097 -71.7973 2.0572e-016 1 3.97522e-017
1.36492 1.575 2.1963 53.7372 -85.4686 2.0572e-016 1 3.97522e-017
