Vertex Count: 168

Data:

0.917987 0 0.265 36.5157 5.46409 0.43471 0.494072 -0.75294
0.458993 0 0 15.6496 5.46409 0.43471 0.494072 -0.75294
0.798649 0.21 0.3339 33.8031 -4.04536 0.43471 0.494072 -0.75294
0.458993 0.21 0.1378 18.3622 -4.04536 0.43471 0.494072 -0.75294
0.798649 0.21 0.3339 33.8031 -4.04536 0.43471 0.494072 -0.75294
0.458993 0 0 15.6496 5.46409 0.43471 0.494072 -0.75294
0.798649 0.21 0.3339 33.8031 -7.26772 0.5 -2.2557e-031 -0.866025
0.458993 0.21 0.1378 18.3622 -7.26772 0.5 -2.2557e-031 -0.866025
0.798649 0.59 0.3339 33.8031 -22.2283 0.5 -2.2557e-031 -0.866025
0.458993 0.59 0.1378 18.3622 -22.2283 0.5 -2.2557e-031 -0.866025
0.798649 0.59 0.3339 33.8031 -22.2283 0.5 -2.2557e-031 -0.866025
0.458993 0.21 0.1378 18.3622 -7.26772 0.5 -2.2557e-031 -0.866025
0.798649 0.59 0.3339 31.4429 -12.1457 0 1 0
0.458993 0.59 0.1378 18.0706 -4.4252 0 1 0
0.458993 0.59 0.250668 18.0706 -8.86883 0 1 0
0.458993 0.59 0.250668 18.0706 -8.86883 0 1 0
0.458993 0.59 0.1378 18.0706 -4.4252 0 1 0
0.217085 0.59 0.390334 8.54666 -14.3675 0 1 0
0.458993 0.59 0.1378 18.0706 -4.4252 0 1 0
0.119338 0.59 0.3339 4.69836 -12.1457 0 1 0
0.217085 0.59 0.390334 8.54666 -14.3675 0 1 0
0.119338 0.59 0.7261 4.69836 -27.5866 0 1 0
0.217085 0.59 0.390334 8.54666 -14.3675 0 1 0
0.119338 0.59 0.3339 4.69836 -12.1457 0 1 0
0.217085 0.59 0.390334 8.54666 -14.3675 0 1 0
0.119338 0.59 0.7261 4.69836 -27.5866 0 1 0
0.217085 0.59 0.669666 8.54666 -25.3648 0 1 0
0.458993 0.59 0.9222 18.0706 -35.3071 0 1 0
0.217085 0.59 0.669666 8.54666 -25.3648 0 1 0
0.119338 0.59 0.7261 4.69836 -27.5866 0 1 0
0.458993 0.59 0.809332 18.0706 -30.8635 0 1 0
0.217085 0.59 0.669666 8.54666 -25.3648 0 1 0
0.458993 0.59 0.9222 18.0706 -35.3071 0 1 0
0.217085 0.59 0.669666 20.584 -22.2283 0.5 0 -0.866025
0.458993 0.59 0.809332 31.5813 -22.2283 0.5 0 -0.866025
0.217085 0.51 0.669666 20.584 -19.0787 0.5 0 -0.866025
0.458993 0.51 0.809332 31.5813 -19.0787 0.5 0 -0.866025
0.217085 0.51 0.669666 20.584 -19.0787 0.5 0 -0.866025
0.458993 0.59 0.809332 31.5813 -22.2283 0.5 0 -0.866025
0.458993 0.51 0.809332 18.0706 -30.8635 0 1 0
0.458993 0.51 0.250668 18.0706 -8.86883 0 1 0
0.217085 0.51 0.669666 8.54666 -25.3648 0 1 0
0.217085 0.51 0.390334 8.54666 -14.3675 0 1 0
0.217085 0.51 0.669666 8.54666 -25.3648 0 1 0
0.458993 0.51 0.250668 18.0706 -8.86883 0 1 0
0.217085 0.51 0.390334 15.3675 -19.0787 1 0 0
0.217085 0.59 0.390334 15.3675 -22.2283 1 0 0
0.217085 0.51 0.669666 26.3648 -19.0787 1 0 0
0.217085 0.59 0.669666 26.3648 -22.2283 1 0 0
0.217085 0.51 0.669666 26.3648 -19.0787 1 0 0
0.217085 0.59 0.390334 15.3675 -22.2283 1 0 0
0.217085 0.51 0.390334 0.28212 -19.0787 0.5 0 0.866025
0.458993 0.51 0.250668 -10.7152 -19.0787 0.5 0 0.866025
0.217085 0.59 0.390334 0.28212 -22.2283 0.5 0 0.866025
0.458993 0.59 0.250668 -10.7152 -22.2283 0.5 0 0.866025
0.217085 0.59 0.390334 0.28212 -22.2283 0.5 0 0.866025
0.458993 0.51 0.250668 -10.7152 -19.0787 0.5 0 0.866025
0.458993 0.51 0.250668 -20.584 -19.0787 -0.5 0 0.866025
0.700902 0.51 0.390334 -31.5813 -19.0787 -0.5 0 0.866025
0.458993 0.59 0.250668 -20.584 -22.2283 -0.5 0 0.866025
0.700902 0.59 0.390334 -31.5813 -22.2283 -0.5 0 0.866025
0.458993 0.59 0.250668 -20.584 -22.2283 -0.5 0 0.866025
0.700902 0.51 0.390334 -31.5813 -19.0787 -0.5 0 0.866025
0.700902 0.59 0.390334 27.5946 -14.3675 0 1 0
0.798649 0.59 0.3339 31.4429 -12.1457 0 1 0
0.458993 0.59 0.250668 18.0706 -8.86883 0 1 0
0.700902 0.59 0.669666 27.5946 -25.3648 0 1 0
0.798649 0.59 0.3339 31.4429 -12.1457 0 1 0
0.700902 0.59 0.390334 27.5946 -14.3675 0 1 0
0.798649 0.59 0.3339 31.4429 -12.1457 0 1 0
0.700902 0.59 0.669666 27.5946 -25.3648 0 1 0
0.798649 0.59 0.7261 31.4429 -27.5866 0 1 0
0.798649 0.59 0.7261 31.4429 -27.5866 0 1 0
0.700902 0.59 0.669666 27.5946 -25.3648 0 1 0
0.458993 0.59 0.9222 18.0706 -35.3071 0 1 0
0.700902 0.59 0.669666 27.5946 -25.3648 0 1 0
0.458993 0.59 0.809332 18.0706 -30.8635 0 1 0
0.458993 0.59 0.9222 18.0706 -35.3071 0 1 0
0.458993 0.59 0.809332 -0.28212 -22.2283 -0.5 0 -0.866025
0.700902 0.59 0.669666 10.7152 -22.2283 -0.5 0 -0.866025
0.458993 0.51 0.809332 -0.28212 -19.0787 -0.5 0 -0.866025
0.700902 0.51 0.669666 10.7152 -19.0787 -0.5 0 -0.866025
0.458993 0.51 0.809332 -0.28212 -19.0787 -0.5 0 -0.866025
0.700902 0.59 0.669666 10.7152 -22.2283 -0.5 0 -0.866025
0.700902 0.51 0.669666 27.5946 -25.3648 0 1 0
0.700902 0.51 0.390334 27.5946 -14.3675 0 1 0
0.458993 0.51 0.809332 18.0706 -30.8635 0 1 0
0.700902 0.51 0.390334 27.5946 -14.3675 0 1 0
0.458993 0.51 0.250668 18.0706 -8.86883 0 1 0
0.458993 0.51 0.809332 18.0706 -30.8635 0 1 0
0.700902 0.51 0.669666 -26.3648 -19.0787 -1 0 0
0.700902 0.59 0.669666 -26.3648 -22.2283 -1 0 0
0.700902 0.51 0.390334 -15.3675 -19.0787 -1 0 0
0.700902 0.59 0.390334 -15.3675 -22.2283 -1 0 0
0.700902 0.51 0.390334 -15.3675 -19.0787 -1 0 0
0.700902 0.59 0.669666 -26.3648 -22.2283 -1 0 0
0.798649 0.59 0.7261 -12.937 -22.2283 0.5 -2.2557e-031 0.866025
0.458993 0.59 0.9222 2.50394 -22.2283 0.5 -2.2557e-031 0.866025
0.798649 0.21 0.7261 -12.937 -7.26772 0.5 -2.2557e-031 0.866025
0.458993 0.21 0.9222 2.50394 -7.26772 0.5 -2.2557e-031 0.866025
0.798649 0.21 0.7261 -12.937 -7.26772 0.5 -2.2557e-031 0.866025
0.458993 0.59 0.9222 2.50394 -22.2283 0.5 -2.2557e-031 0.866025
0.798649 0.21 0.7261 -12.937 13.811 0.43471 0.494072 0.75294
0.458993 0.21 0.9222 2.50394 13.811 0.43471 0.494072 0.75294
0.917987 0 0.795 -15.6496 23.3205 0.43471 0.494072 0.75294
0.458993 0 1.06 5.21654 23.3205 0.43471 0.494072 0.75294
0.917987 0 0.795 -15.6496 23.3205 0.43471 0.494072 0.75294
0.458993 0.21 0.9222 2.50394 13.811 0.43471 0.494072 0.75294
0.917987 0 0.795 -36.1412 -30.2992 0 -1 0
0.458993 0 1.06 -18.0706 -40.7323 0 -1 0
0.458993 0 0 -18.0706 1 0 -1 0
0.458993 0 0 -18.0706 1 0 -1 0
0.458993 0 1.06 -18.0706 -40.7323 0 -1 0
0 0 0.265 0 -9.4331 0 -1 0
0 0 0.795 0 -30.2992 0 -1 0
0 0 0.265 0 -9.4331 0 -1 0
0.458993 0 1.06 -18.0706 -40.7323 0 -1 0
0 0 0.265 -10.4331 1 -0.869421 0.494072 2.09946e-018
0 0 0.795 -31.2992 1 -0.869421 0.494072 2.09946e-018
0.119338 0.21 0.3339 -13.1457 -8.50945 -0.869421 0.494072 2.09946e-018
0.119338 0.21 0.7261 -28.5866 -8.50945 -0.869421 0.494072 2.09946e-018
0.119338 0.21 0.3339 -13.1457 -8.50945 -0.869421 0.494072 2.09946e-018
0 0 0.795 -31.2992 1 -0.869421 0.494072 2.09946e-018
0.119338 0.21 0.7261 -28.5866 -7.26772 -1 0 0
0.119338 0.59 0.7261 -28.5866 -22.2283 -1 0 0
0.119338 0.21 0.3339 -13.1457 -7.26772 -1 0 0
0.119338 0.59 0.3339 -13.1457 -22.2283 -1 0 0
0.119338 0.21 0.3339 -13.1457 -7.26772 -1 0 0
0.119338 0.59 0.7261 -28.5866 -22.2283 -1 0 0
0.119338 0.59 0.3339 -2.50394 -22.2283 -0.5 0 -0.866025
0.458993 0.59 0.1378 12.937 -22.2283 -0.5 0 -0.866025
0.119338 0.21 0.3339 -2.50394 -7.26772 -0.5 0 -0.866025
0.458993 0.21 0.1378 12.937 -7.26772 -0.5 0 -0.866025
0.119338 0.21 0.3339 -2.50394 -7.26772 -0.5 0 -0.866025
0.458993 0.59 0.1378 12.937 -22.2283 -0.5 0 -0.866025
0.119338 0.21 0.3339 -2.50394 -12.9735 -0.43471 0.494072 -0.75294
0.458993 0.21 0.1378 12.937 -12.9735 -0.43471 0.494072 -0.75294
0 0 0.265 -5.21654 -3.46409 -0.43471 0.494072 -0.75294
0.458993 0 0 15.6496 -3.46409 -0.43471 0.494072 -0.75294
0 0 0.265 -5.21654 -3.46409 -0.43471 0.494072 -0.75294
0.458993 0.21 0.1378 12.937 -12.9735 -0.43471 0.494072 -0.75294
0.119338 0.21 0.7261 -18.3622 -7.26772 -0.5 -1.37465e-017 0.866025
0.458993 0.21 0.9222 -33.8031 -7.26772 -0.5 -1.37465e-017 0.866025
0.119338 0.59 0.7261 -18.3622 -22.2283 -0.5 -1.37465e-017 0.866025
0.458993 0.59 0.9222 -33.8031 -22.2283 -0.5 -1.37465e-017 0.866025
0.119338 0.59 0.7261 -18.3622 -22.2283 -0.5 -1.37465e-017 0.866025
0.458993 0.21 0.9222 -33.8031 -7.26772 -0.5 -1.37465e-017 0.866025
0.458993 0.21 0.9222 -33.8031 4.88283 -0.43471 0.494072 0.75294
0.119338 0.21 0.7261 -18.3622 4.88283 -0.43471 0.494072 0.75294
0.458993 0 1.06 -36.5157 14.3923 -0.43471 0.494072 0.75294
0 0 0.795 -15.6496 14.3923 -0.43471 0.494072 0.75294
0.458993 0 1.06 -36.5157 14.3923 -0.43471 0.494072 0.75294
0.119338 0.21 0.7261 -18.3622 4.88283 -0.43471 0.494072 0.75294
0.917987 0 0.265 -36.1412 -9.4331 0 -1 0
0.917987 0 0.795 -36.1412 -30.2992 0 -1 0
0.458993 0 0 -18.0706 1 0 -1 0
0.917987 0 0.265 10.4331 18.8564 0.869421 0.494072 -8.11833e-018
0.798649 0.21 0.3339 13.1457 9.34692 0.869421 0.494072 -8.11833e-018
0.917987 0 0.795 31.2992 18.8564 0.869421 0.494072 -8.11833e-018
0.798649 0.21 0.7261 28.5866 9.34692 0.869421 0.494072 -8.11833e-018
0.917987 0 0.795 31.2992 18.8564 0.869421 0.494072 -8.11833e-018
0.798649 0.21 0.3339 13.1457 9.34692 0.869421 0.494072 -8.11833e-018
0.798649 0.21 0.3339 13.1457 -7.26772 1 0 0
0.798649 0.59 0.3339 13.1457 -22.2283 1 0 0
0.798649 0.21 0.7261 28.5866 -7.26772 1 0 0
0.798649 0.59 0.7261 28.5866 -22.2283 1 0 0
0.798649 0.21 0.7261 28.5866 -7.26772 1 0 0
0.798649 0.59 0.3339 13.1457 -22.2283 1 0 0
