Vertex Count: 384

Data:

1.09171 4.25322 1.21517 64.2902 -10.3434 0.0593064 0.996961 -0.0505039
1.09171 4.25717 1.29302 66.6237 -12.3367 0.0593064 0.996961 -0.0505039
1.1591 4.24725 1.17645 64.8496 -7.32596 0.0593064 0.996961 -0.0505039
1.1591 4.25514 1.33215 69.5166 -11.3124 0.0593064 0.996961 -0.0505039
1.1591 4.24725 1.17645 64.8496 -7.32596 0.0593064 0.996961 -0.0505039
1.09171 4.25717 1.29302 66.6237 -12.3367 0.0593064 0.996961 -0.0505039
1.22649 4.24522 1.21558 67.7425 -6.30169 0.0593064 0.996961 -0.0505039
1.1591 4.24725 1.17645 64.8496 -7.32596 0.0593064 0.996961 -0.0505039
1.1591 4.25514 1.33215 69.5166 -11.3124 0.0593064 0.996961 -0.0505039
1.1591 4.24725 1.17645 62.8156 -166.006 0.495622 0.210283 -0.842698
1.22649 4.24522 1.21558 65.8835 -165.925 0.495622 0.210283 -0.842698
1.07525 2.81349 0.769358 51.8451 -108.268 0.495622 0.210283 -0.842698
1.55682 2.799 1.04898 73.7687 -107.685 0.495622 0.210283 -0.842698
1.07525 2.81349 0.769358 51.8451 -108.268 0.495622 0.210283 -0.842698
1.22649 4.24522 1.21558 65.8835 -165.925 0.495622 0.210283 -0.842698
1.55682 2.799 1.04898 -71.1809 12.2448 -0.0593064 -0.996961 0.0505039
1.48652 2.80481 1.081 -70.3464 9.31104 -0.0593064 -0.996961 0.0505039
1.07525 2.81349 0.769358 -50.5071 4.92499 -0.0593064 -0.996961 0.0505039
1.48652 2.80481 1.081 -70.3464 9.31104 -0.0593064 -0.996961 0.0505039
1.0675 2.81828 0.854779 -52.8698 2.5051 -0.0593064 -0.996961 0.0505039
1.07525 2.81349 0.769358 -50.5071 4.92499 -0.0593064 -0.996961 0.0505039
1.0675 2.81828 0.854779 -52.8698 2.5051 -0.0593064 -0.996961 0.0505039
0.680144 2.85407 1.10649 -50.5273 -15.5858 -0.0593064 -0.996961 0.0505039
1.07525 2.81349 0.769358 -50.5071 4.92499 -0.0593064 -0.996961 0.0505039
0.593672 2.85615 1.04608 -46.5093 -16.6389 -0.0593064 -0.996961 0.0505039
1.07525 2.81349 0.769358 -50.5071 4.92499 -0.0593064 -0.996961 0.0505039
0.680144 2.85407 1.10649 -50.5273 -15.5858 -0.0593064 -0.996961 0.0505039
1.07525 2.81349 0.769358 22.6167 -118.266 -0.462221 0.267117 -0.845577
0.593672 2.85615 1.04608 0.754737 -120.009 -0.462221 0.267117 -0.845577
1.1591 4.24725 1.17645 17.8259 -176.841 -0.462221 0.267117 -0.845577
1.09171 4.25322 1.21517 14.7667 -177.085 -0.462221 0.267117 -0.845577
1.1591 4.24725 1.17645 17.8259 -176.841 -0.462221 0.267117 -0.845577
0.593672 2.85615 1.04608 0.754737 -120.009 -0.462221 0.267117 -0.845577
0.593672 2.85615 1.04608 -40.7529 -112.988 -0.941143 0.337575 -0.0171008
0.593672 2.88434 1.60243 -62.6526 -114.166 -0.941143 0.337575 -0.0171008
1.09171 4.25322 1.21517 -47.0526 -171.42 -0.941143 0.337575 -0.0171008
1.09171 4.25717 1.29302 -50.1171 -171.585 -0.941143 0.337575 -0.0171008
1.09171 4.25322 1.21517 -47.0526 -171.42 -0.941143 0.337575 -0.0171008
0.593672 2.88434 1.60243 -62.6526 -114.166 -0.941143 0.337575 -0.0171008
1.09171 4.25717 1.29302 -62.509 -147.833 -0.462221 0.3512 0.814254
0.593672 2.88434 1.60243 -51.4706 -90.107 -0.462221 0.3512 0.814254
1.1591 4.25514 1.33215 -65.5767 -147.747 -0.462221 0.3512 0.814254
1.07525 2.86985 1.88205 -73.3935 -89.4981 -0.462221 0.3512 0.814254
1.1591 4.25514 1.33215 -65.5767 -147.747 -0.462221 0.3512 0.814254
0.593672 2.88434 1.60243 -51.4706 -90.107 -0.462221 0.3512 0.814254
1.1591 4.25514 1.33215 -11.8187 -138.936 0.495622 0.294367 0.817133
1.07525 2.86985 1.88205 2.23124 -81.8686 0.495622 0.294367 0.817133
1.22649 4.24917 1.29343 -14.8777 -138.69 0.495622 0.294367 0.817133
1.55682 2.82719 1.60532 -19.6296 -80.111 0.495622 0.294367 0.817133
1.22649 4.24917 1.29343 -14.8777 -138.69 0.495622 0.294367 0.817133
1.07525 2.86985 1.88205 2.23124 -81.8686 0.495622 0.294367 0.817133
1.22649 4.24917 1.29343 51.4808 -151.364 0.974544 0.223908 -0.0113427
1.55682 2.82719 1.60532 63.9107 -93.9223 0.974544 0.223908 -0.0113427
1.22649 4.24522 1.21558 48.416 -151.205 0.974544 0.223908 -0.0113427
1.55682 2.799 1.04898 42.0089 -92.7839 0.974544 0.223908 -0.0113427
1.22649 4.24522 1.21558 48.416 -151.205 0.974544 0.223908 -0.0113427
1.55682 2.82719 1.60532 63.9107 -93.9223 0.974544 0.223908 -0.0113427
1.55682 2.82719 1.60532 -87.8569 -1.99941 -0.0593064 -0.996961 0.0505039
1.48652 2.80481 1.081 -70.3464 9.31104 -0.0593064 -0.996961 0.0505039
1.55682 2.799 1.04898 -71.1809 12.2448 -0.0593064 -0.996961 0.0505039
1.48652 2.80481 1.081 -70.3464 9.31104 -0.0593064 -0.996961 0.0505039
1.55682 2.82719 1.60532 -87.8569 -1.99941 -0.0593064 -0.996961 0.0505039
1.46325 2.83024 1.55562 -83.9787 -3.54037 -0.0593064 -0.996961 0.0505039
1.55682 2.82719 1.60532 -87.8569 -1.99941 -0.0593064 -0.996961 0.0505039
1.07525 2.86985 1.88205 -83.8591 -23.5633 -0.0593064 -0.996961 0.0505039
1.46325 2.83024 1.55562 -83.9787 -3.54037 -0.0593064 -0.996961 0.0505039
1.46325 2.83024 1.55562 -83.9787 -3.54037 -0.0593064 -0.996961 0.0505039
1.07525 2.86985 1.88205 -83.8591 -23.5633 -0.0593064 -0.996961 0.0505039
1.05463 2.86492 1.76041 -79.6868 -21.069 -0.0593064 -0.996961 0.0505039
1.05463 2.86492 1.76041 -79.6868 -21.069 -0.0593064 -0.996961 0.0505039
1.07525 2.86985 1.88205 -83.8591 -23.5633 -0.0593064 -0.996961 0.0505039
0.687702 2.87551 1.53852 -63.67 -26.4199 -0.0593064 -0.996961 0.0505039
1.07525 2.86985 1.88205 -83.8591 -23.5633 -0.0593064 -0.996961 0.0505039
0.593672 2.88434 1.60243 -63.1853 -30.8831 -0.0593064 -0.996961 0.0505039
0.687702 2.87551 1.53852 -63.67 -26.4199 -0.0593064 -0.996961 0.0505039
0.593672 2.85615 1.04608 -46.5093 -16.6389 -0.0593064 -0.996961 0.0505039
0.687702 2.87551 1.53852 -63.67 -26.4199 -0.0593064 -0.996961 0.0505039
0.593672 2.88434 1.60243 -63.1853 -30.8831 -0.0593064 -0.996961 0.0505039
0.680144 2.85407 1.10649 -50.5273 -15.5858 -0.0593064 -0.996961 0.0505039
0.687702 2.87551 1.53852 -63.67 -26.4199 -0.0593064 -0.996961 0.0505039
0.593672 2.85615 1.04608 -46.5093 -16.6389 -0.0593064 -0.996961 0.0505039
0.687702 2.87551 1.53852 -60.8484 -114.825 -0.989707 0.14274 0.0102317
0.680144 2.85407 1.10649 -43.8373 -113.972 -0.989707 0.14274 0.0102317
0.514564 1.66839 1.63121 -64.4269 -66.8087 -0.989707 0.14274 0.0102317
0.514564 1.72409 0.854104 -33.8338 -69.0245 -0.989707 0.14274 0.0102317
0.514564 1.66839 1.63121 -64.4269 -66.8087 -0.989707 0.14274 0.0102317
0.680144 2.85407 1.10649 -43.8373 -113.972 -0.989707 0.14274 0.0102317
0.514564 1.66839 1.63121 65.2812 8.49916 0.114937 -0.990831 -0.0710236
0.514564 1.72409 0.854104 39.2546 -7.73242 0.114937 -0.990831 -0.0710236
0.585892 1.7255 0.9499 43.9392 -8.14251 0.114937 -0.990831 -0.0710236
1.18481 1.8293 0.471096 40.2983 -38.3879 0.114937 -0.990831 -0.0710236
0.585892 1.7255 0.9499 43.9392 -8.14251 0.114937 -0.990831 -0.0710236
0.514564 1.72409 0.854104 39.2546 -7.73242 0.114937 -0.990831 -0.0710236
1.1489 1.80995 0.682862 46.6475 -32.7509 0.114937 -0.990831 -0.0710236
0.585892 1.7255 0.9499 43.9392 -8.14251 0.114937 -0.990831 -0.0710236
1.18481 1.8293 0.471096 40.2983 -38.3879 0.114937 -0.990831 -0.0710236
0.585892 1.7255 0.9499 2.7569 -77.5508 -0.444561 0.32762 -0.833685
1.1489 1.80995 0.682862 27.2625 -81.0699 -0.444561 0.32762 -0.833685
0.209482 0.873652 0.815862 -7.83638 -42.0544 -0.444561 0.32762 -0.833685
1.07875 0.784007 0.317095 31.6013 -38.3189 -0.444561 0.32762 -0.833685
0.209482 0.873652 0.815862 -7.83638 -42.0544 -0.444561 0.32762 -0.833685
1.1489 1.80995 0.682862 27.2625 -81.0699 -0.444561 0.32762 -0.833685
1.07875 0.784007 0.317095 -36.6309 22.9648 -0.0697565 -0.99591 0.0574238
0.423937 0.862892 0.88976 -37.6527 -11.4087 -0.0697565 -0.99591 0.0574238
0.209482 0.873652 0.815862 -30.0404 -16.0974 -0.0697565 -0.99591 0.0574238
0.209482 0.931573 1.82039 -60.574 -41.3359 -0.0697565 -0.99591 0.0574238
0.209482 0.873652 0.815862 -30.0404 -16.0974 -0.0697565 -0.99591 0.0574238
0.423937 0.862892 0.88976 -37.6527 -11.4087 -0.0697565 -0.99591 0.0574238
0.209482 0.873652 0.815862 -31.8979 -34.1087 -0.913059 0.407152 -0.0234762
0.209482 0.931573 1.82039 -71.4334 -36.6053 -0.913059 0.407152 -0.0234762
0.585892 1.7255 0.9499 -36.7924 -70.8272 -0.913059 0.407152 -0.0234762
0.545492 1.6732 1.61413 -62.9756 -68.5729 -0.913059 0.407152 -0.0234762
0.585892 1.7255 0.9499 -36.7924 -70.8272 -0.913059 0.407152 -0.0234762
0.209482 0.931573 1.82039 -71.4334 -36.6053 -0.913059 0.407152 -0.0234762
0.545492 1.6732 1.61413 65.3494 7.09707 0.114937 -0.990831 -0.0710236
0.514564 1.66839 1.63121 65.2812 8.49916 0.114937 -0.990831 -0.0710236
0.585892 1.7255 0.9499 43.9392 -8.14251 0.114937 -0.990831 -0.0710236
0.514564 1.66839 1.63121 65.2812 8.49916 0.114937 -0.990831 -0.0710236
0.545492 1.6732 1.61413 65.3494 7.09707 0.114937 -0.990831 -0.0710236
1.18481 1.71789 2.02531 92.3515 -5.92476 0.114937 -0.990831 -0.0710236
1.13762 1.7198 1.9223 87.9249 -6.48111 0.114937 -0.990831 -0.0710236
1.18481 1.71789 2.02531 92.3515 -5.92476 0.114937 -0.990831 -0.0710236
0.545492 1.6732 1.61413 65.3494 7.09707 0.114937 -0.990831 -0.0710236
1.65728 1.80594 1.56153 86.5968 -31.5821 0.114937 -0.990831 -0.0710236
1.18481 1.71789 2.02531 92.3515 -5.92476 0.114937 -0.990831 -0.0710236
1.13762 1.7198 1.9223 87.9249 -6.48111 0.114937 -0.990831 -0.0710236
1.85506 1.82309 1.6423 93.3952 -36.5803 0.114937 -0.990831 -0.0710236
1.18481 1.71789 2.02531 92.3515 -5.92476 0.114937 -0.990831 -0.0710236
1.65728 1.80594 1.56153 86.5968 -31.5821 0.114937 -0.990831 -0.0710236
1.18481 1.71789 2.02531 -4.17653 -41.5111 0.450733 0.249122 0.857192
1.85506 1.82309 1.6423 -34.5502 -45.7878 0.450733 0.249122 0.857192
1.05463 2.86492 1.76041 -4.49387 -88.1399 0.450733 0.249122 0.857192
1.46325 2.83024 1.55562 -22.4851 -86.73 0.450733 0.249122 0.857192
1.05463 2.86492 1.76041 -4.49387 -88.1399 0.450733 0.249122 0.857192
1.85506 1.82309 1.6423 -34.5502 -45.7878 0.450733 0.249122 0.857192
1.46325 2.83024 1.55562 -22.4851 -86.73 0.450733 0.249122 0.857192
1.41026 2.96645 1.5439 -20.8534 -92.2672 0.450733 0.249122 0.857192
1.05463 2.86492 1.76041 -4.49387 -88.1399 0.450733 0.249122 0.857192
1.04953 2.90983 1.75004 -4.5063 -89.9655 0.450733 0.249122 0.857192
1.05463 2.86492 1.76041 -4.49387 -88.1399 0.450733 0.249122 0.857192
1.41026 2.96645 1.5439 -20.8534 -92.2672 0.450733 0.249122 0.857192
1.05463 2.86492 1.76041 -71.2626 -105.444 -0.509561 0.138296 0.849248
1.04953 2.90983 1.75004 -70.8804 -107.229 -0.509561 0.138296 0.849248
0.687702 2.87551 1.53852 -54.3808 -105.864 -0.509561 0.138296 0.849248
0.688804 2.88319 1.53793 -54.4061 -106.17 -0.509561 0.138296 0.849248
0.687702 2.87551 1.53852 -54.3808 -105.864 -0.509561 0.138296 0.849248
1.04953 2.90983 1.75004 -70.8804 -107.229 -0.509561 0.138296 0.849248
0.688804 2.88319 1.53793 -60.8256 -115.13 -0.989707 0.14274 0.0102317
0.688804 2.91317 1.11969 -44.3604 -116.323 -0.989707 0.14274 0.0102317
0.687702 2.87551 1.53852 -60.8484 -114.825 -0.989707 0.14274 0.0102317
0.680144 2.85407 1.10649 -43.8373 -113.972 -0.989707 0.14274 0.0102317
0.687702 2.87551 1.53852 -60.8484 -114.825 -0.989707 0.14274 0.0102317
0.688804 2.91317 1.11969 -44.3604 -116.323 -0.989707 0.14274 0.0102317
0.688804 2.91317 1.11969 -0.210026 -123.162 -0.509561 0.25801 -0.82084
1.04953 2.96979 0.913559 16.1363 -125.469 -0.509561 0.25801 -0.82084
0.680144 2.85407 1.10649 -0.225597 -120.754 -0.509561 0.25801 -0.82084
1.0675 2.81828 0.854779 17.958 -119.295 -0.509561 0.25801 -0.82084
0.680144 2.85407 1.10649 -0.225597 -120.754 -0.509561 0.25801 -0.82084
1.04953 2.96979 0.913559 16.1363 -125.469 -0.509561 0.25801 -0.82084
1.0675 2.81828 0.854779 17.958 -119.295 -0.509561 0.25801 -0.82084
1.18481 1.8293 0.471096 29.8489 -78.9943 -0.509561 0.25801 -0.82084
0.680144 2.85407 1.10649 -0.225597 -120.754 -0.509561 0.25801 -0.82084
0.514564 1.72409 0.854104 -0.523338 -74.7073 -0.509561 0.25801 -0.82084
0.680144 2.85407 1.10649 -0.225597 -120.754 -0.509561 0.25801 -0.82084
1.18481 1.8293 0.471096 29.8489 -78.9943 -0.509561 0.25801 -0.82084
1.18481 1.8293 0.471096 49.7887 -63.5815 0.450733 0.368835 -0.812896
1.0675 2.81828 0.854779 53.0746 -105.471 0.450733 0.368835 -0.812896
1.85506 1.8788 0.865194 80.3902 -65.6781 0.450733 0.368835 -0.812896
1.48652 2.80481 1.081 71.8209 -104.901 0.450733 0.368835 -0.812896
1.85506 1.8788 0.865194 80.3902 -65.6781 0.450733 0.368835 -0.812896
1.0675 2.81828 0.854779 53.0746 -105.471 0.450733 0.368835 -0.812896
1.85506 1.8788 0.865194 32.0009 -40.9321 0.93088 0.364391 0.0261199
1.48652 2.80481 1.081 40.901 -80.081 0.93088 0.364391 0.0261199
1.85506 1.82309 1.6423 62.5836 -38.5772 0.93088 0.364391 0.0261199
1.46325 2.83024 1.55562 59.6051 -81.156 0.93088 0.364391 0.0261199
1.85506 1.82309 1.6423 62.5836 -38.5772 0.93088 0.364391 0.0261199
1.48652 2.80481 1.081 40.901 -80.081 0.93088 0.364391 0.0261199
1.48652 2.80481 1.081 40.901 -80.081 0.93088 0.364391 0.0261199
1.41026 2.99643 1.12566 42.7427 -88.182 0.93088 0.364391 0.0261199
1.46325 2.83024 1.55562 59.6051 -81.156 0.93088 0.364391 0.0261199
1.41026 2.96645 1.5439 59.2023 -86.9145 0.93088 0.364391 0.0261199
1.46325 2.83024 1.55562 59.6051 -81.156 0.93088 0.364391 0.0261199
1.41026 2.99643 1.12566 42.7427 -88.182 0.93088 0.364391 0.0261199
1.48652 2.80481 1.081 71.8209 -104.901 0.450733 0.368835 -0.812896
1.0675 2.81828 0.854779 53.0746 -105.471 0.450733 0.368835 -0.812896
1.41026 2.99643 1.12566 70.0477 -113.017 0.450733 0.368835 -0.812896
1.04953 2.96979 0.913559 53.578 -111.889 0.450733 0.368835 -0.812896
1.41026 2.99643 1.12566 70.0477 -113.017 0.450733 0.368835 -0.812896
1.0675 2.81828 0.854779 53.0746 -105.471 0.450733 0.368835 -0.812896
1.85506 1.82309 1.6423 93.3952 -36.5803 0.114937 -0.990831 -0.0710236
1.65728 1.80594 1.56153 86.5968 -31.5821 0.114937 -0.990831 -0.0710236
1.85506 1.8788 0.865194 67.3686 -52.8118 0.114937 -0.990831 -0.0710236
1.65728 1.80594 1.56153 86.5968 -31.5821 0.114937 -0.990831 -0.0710236
1.63647 1.84498 0.983228 66.7978 -42.9576 0.114937 -0.990831 -0.0710236
1.85506 1.8788 0.865194 67.3686 -52.8118 0.114937 -0.990831 -0.0710236
1.85506 1.8788 0.865194 67.3686 -52.8118 0.114937 -0.990831 -0.0710236
1.63647 1.84498 0.983228 66.7978 -42.9576 0.114937 -0.990831 -0.0710236
1.18481 1.8293 0.471096 40.2983 -38.3879 0.114937 -0.990831 -0.0710236
1.63647 1.84498 0.983228 66.7978 -42.9576 0.114937 -0.990831 -0.0710236
1.1489 1.80995 0.682862 46.6475 -32.7509 0.114937 -0.990831 -0.0710236
1.18481 1.8293 0.471096 40.2983 -38.3879 0.114937 -0.990831 -0.0710236
1.1489 1.80995 0.682862 52.6188 -67.7749 0.492434 0.262208 -0.829913
1.63647 1.84498 0.983228 75.1613 -69.2039 0.492434 0.262208 -0.829913
1.07875 0.784007 0.317095 42.8953 -25.9189 0.492434 0.262208 -0.829913
1.94803 0.752283 0.82286 82.4884 -24.6247 0.492434 0.262208 -0.829913
1.07875 0.784007 0.317095 42.8953 -25.9189 0.492434 0.262208 -0.829913
1.63647 1.84498 0.983228 75.1613 -69.2039 0.492434 0.262208 -0.829913
1.94803 0.752283 0.82286 -73.7549 36.7883 -0.0697565 -0.99591 0.0574238
1.11717 0.788835 0.447508 -41.5562 20.8607 -0.0697565 -0.99591 0.0574238
1.07875 0.784007 0.317095 -36.6309 22.9648 -0.0697565 -0.99591 0.0574238
1.11717 0.788835 0.447508 -41.5562 20.8607 -0.0697565 -0.99591 0.0574238
0.423937 0.862892 0.88976 -37.6527 -11.4087 -0.0697565 -0.99591 0.0574238
1.07875 0.784007 0.317095 -36.6309 22.9648 -0.0697565 -0.99591 0.0574238
0.423937 0.862892 0.88976 -3.06063 -46.548 -0.448765 0.440954 -0.777283
1.11717 0.788835 0.447508 29.2813 -43.2995 -0.448765 0.440954 -0.777283
0 0 0.645 -12.6969 -8.69729 -0.448765 0.440954 -0.777283
1.11717 0 0 38.0906 -8.69729 -0.448765 0.440954 -0.777283
0 0 0.645 -12.6969 -8.69729 -0.448765 0.440954 -0.777283
1.11717 0.788835 0.447508 29.2813 -43.2995 -0.448765 0.440954 -0.777283
0 0 0.645 0 -24.3937 0 -1 0
1.11717 0 0 -43.9832 1 0 -1 0
7.21911e-016 0 1.935 -2.84217e-014 -75.1811 0 -1 0
1.11717 0 2.58 -43.9832 -100.575 0 -1 0
7.21911e-016 0 1.935 -2.84217e-014 -75.1811 0 -1 0
1.11717 0 0 -43.9832 1 0 -1 0
7.21911e-016 0 1.935 -38.0906 30.0919 -0.448765 0.440954 0.777283
1.11717 0 2.58 -88.878 30.0919 -0.448765 0.440954 0.777283
0.445517 0.906817 1.67778 -48.2173 -9.6856 -0.448765 0.440954 0.777283
1.11717 0.882914 2.07912 -79.0181 -8.63709 -0.448765 0.440954 0.777283
0.445517 0.906817 1.67778 -48.2173 -9.6856 -0.448765 0.440954 0.777283
1.11717 0 2.58 -88.878 30.0919 -0.448765 0.440954 0.777283
1.11717 0.882914 2.07912 -91.1504 -20.1331 -0.0697565 -0.99591 0.0574238
1.07875 0.899849 2.32616 -97.698 -27.5124 -0.0697565 -0.99591 0.0574238
0.445517 0.906817 1.67778 -62.1452 -30.5489 -0.0697565 -0.99591 0.0574238
1.07875 0.899849 2.32616 -97.698 -27.5124 -0.0697565 -0.99591 0.0574238
0.209482 0.931573 1.82039 -60.574 -41.3359 -0.0697565 -0.99591 0.0574238
0.445517 0.906817 1.67778 -62.1452 -30.5489 -0.0697565 -0.99591 0.0574238
0.423937 0.862892 0.88976 -37.6527 -11.4087 -0.0697565 -0.99591 0.0574238
0.445517 0.906817 1.67778 -62.1452 -30.5489 -0.0697565 -0.99591 0.0574238
0.209482 0.931573 1.82039 -60.574 -41.3359 -0.0697565 -0.99591 0.0574238
0.423937 0.862892 0.88976 -35.0299 -36.8507 -0.89753 0.440954 5.17817e-016
0.445517 0.906817 1.67778 -66.0543 -38.7775 -0.89753 0.440954 5.17817e-016
0.51591 1.0501 0.942861 -37.1205 -45.0624 -0.89753 0.440954 5.17817e-016
0.51591 1.0501 1.63714 -64.4543 -45.0624 -0.89753 0.440954 5.17817e-016
0.51591 1.0501 0.942861 -37.1205 -45.0624 -0.89753 0.440954 5.17817e-016
0.445517 0.906817 1.67778 -66.0543 -38.7775 -0.89753 0.440954 5.17817e-016
0.51591 1.0501 1.63714 -49.8174 -15.9706 -0.448765 0.440954 0.777283
0.445517 0.906817 1.67778 -48.2173 -9.6856 -0.448765 0.440954 0.777283
1.11717 1.0501 1.98428 -77.1511 -15.9706 -0.448765 0.440954 0.777283
1.11717 0.882914 2.07912 -79.0181 -8.63709 -0.448765 0.440954 0.777283
1.11717 1.0501 1.98428 -77.1511 -15.9706 -0.448765 0.440954 0.777283
0.445517 0.906817 1.67778 -48.2173 -9.6856 -0.448765 0.440954 0.777283
1.11717 1.0501 1.98428 0.970039 3.424 0.448765 0.440954 0.777283
1.11717 0.882914 2.07912 2.83704 10.7575 0.448765 0.440954 0.777283
1.71844 1.0501 1.63714 -26.3637 3.424 0.448765 0.440954 0.777283
1.8359 0.810998 1.70496 -29.0338 13.9121 0.448765 0.440954 0.777283
1.71844 1.0501 1.63714 -26.3637 3.424 0.448765 0.440954 0.777283
1.11717 0.882914 2.07912 2.83704 10.7575 0.448765 0.440954 0.777283
1.71844 1.0501 1.63714 64.4543 -6.27329 0.89753 0.440954 1.95976e-015
1.8359 0.810998 1.70496 67.1244 4.21479 0.89753 0.440954 1.95976e-015
1.71844 1.0501 0.942861 37.1205 -6.27329 0.89753 0.440954 1.95976e-015
1.86067 0.760585 0.860741 33.8874 6.42611 0.89753 0.440954 1.95976e-015
1.71844 1.0501 0.942861 37.1205 -6.27329 0.89753 0.440954 1.95976e-015
1.8359 0.810998 1.70496 67.1244 4.21479 0.89753 0.440954 1.95976e-015
1.86067 0.760585 0.860741 80.3842 -22.6657 0.448765 0.440954 -0.777283
1.11717 0.788835 0.447508 46.8998 -23.9049 0.448765 0.440954 -0.777283
1.71844 1.0501 0.942861 77.1511 -35.3652 0.448765 0.440954 -0.777283
1.11717 1.0501 0.595722 49.8174 -35.3652 0.448765 0.440954 -0.777283
1.71844 1.0501 0.942861 77.1511 -35.3652 0.448765 0.440954 -0.777283
1.11717 0.788835 0.447508 46.8998 -23.9049 0.448765 0.440954 -0.777283
1.11717 0.788835 0.447508 29.2813 -43.2995 -0.448765 0.440954 -0.777283
0.423937 0.862892 0.88976 -3.06063 -46.548 -0.448765 0.440954 -0.777283
1.11717 1.0501 0.595722 26.3637 -54.7597 -0.448765 0.440954 -0.777283
0.51591 1.0501 0.942861 -0.970039 -54.7597 -0.448765 0.440954 -0.777283
1.11717 1.0501 0.595722 26.3637 -54.7597 -0.448765 0.440954 -0.777283
0.423937 0.862892 0.88976 -3.06063 -46.548 -0.448765 0.440954 -0.777283
1.86067 0.760585 0.860741 -72.7205 33.1704 -0.0697565 -0.99591 0.0574238
1.11717 0.788835 0.447508 -41.5562 20.8607 -0.0697565 -0.99591 0.0574238
1.94803 0.752283 0.82286 -73.7549 36.7883 -0.0697565 -0.99591 0.0574238
1.11717 0.788835 0.447508 46.8998 -23.9049 0.448765 0.440954 -0.777283
1.86067 0.760585 0.860741 80.3842 -22.6657 0.448765 0.440954 -0.777283
1.11717 0 0 38.0906 10.6973 0.448765 0.440954 -0.777283
2.23435 0 0.645 88.878 10.6973 0.448765 0.440954 -0.777283
1.11717 0 0 38.0906 10.6973 0.448765 0.440954 -0.777283
1.86067 0.760585 0.860741 80.3842 -22.6657 0.448765 0.440954 -0.777283
2.23435 0 0.645 -87.9664 -24.3937 0 -1 0
2.23435 0 1.935 -87.9664 -75.1811 0 -1 0
1.11717 0 0 -43.9832 1 0 -1 0
2.23435 0 1.935 -87.9664 -75.1811 0 -1 0
1.11717 0 2.58 -43.9832 -100.575 0 -1 0
1.11717 0 0 -43.9832 1 0 -1 0
1.11717 0 2.58 12.6969 49.4864 0.448765 0.440954 0.777283
2.23435 0 1.935 -38.0906 49.4864 0.448765 0.440954 0.777283
1.11717 0.882914 2.07912 2.83704 10.7575 0.448765 0.440954 0.777283
1.8359 0.810998 1.70496 -29.0338 13.9121 0.448765 0.440954 0.777283
1.11717 0.882914 2.07912 2.83704 10.7575 0.448765 0.440954 0.777283
2.23435 0 1.935 -38.0906 49.4864 0.448765 0.440954 0.777283
1.8359 0.810998 1.70496 -97.7615 11.2038 -0.0697565 -0.99591 0.0574238
1.94803 0.810204 1.82739 -104.288 11.5497 -0.0697565 -0.99591 0.0574238
1.11717 0.882914 2.07912 -91.1504 -20.1331 -0.0697565 -0.99591 0.0574238
1.94803 0.810204 1.82739 -104.288 11.5497 -0.0697565 -0.99591 0.0574238
1.07875 0.899849 2.32616 -97.698 -27.5124 -0.0697565 -0.99591 0.0574238
1.11717 0.882914 2.07912 -91.1504 -20.1331 -0.0697565 -0.99591 0.0574238
1.94803 0.810204 1.82739 -27.2735 7.33067 0.492434 0.355858 0.794276
1.65728 1.80594 1.56153 -23.0603 -34.6174 0.492434 0.355858 0.794276
1.07875 0.899849 2.32616 12.1602 3.55413 0.492434 0.355858 0.794276
1.13762 1.7198 1.9223 1.81243 -30.9885 0.492434 0.355858 0.794276
1.07875 0.899849 2.32616 12.1602 3.55413 0.492434 0.355858 0.794276
1.65728 1.80594 1.56153 -23.0603 -34.6174 0.492434 0.355858 0.794276
1.07875 0.899849 2.32616 -81.9095 -6.27271 -0.444561 0.421271 0.790504
1.13762 1.7198 1.9223 -76.1357 -41.8667 -0.444561 0.421271 0.790504
0.209482 0.931573 1.82039 -42.3192 -7.64986 -0.444561 0.421271 0.790504
0.545492 1.6732 1.61413 -49.8692 -39.8439 -0.444561 0.421271 0.790504
0.209482 0.931573 1.82039 -42.3192 -7.64986 -0.444561 0.421271 0.790504
1.13762 1.7198 1.9223 -76.1357 -41.8667 -0.444561 0.421271 0.790504
0.545492 1.6732 1.61413 -49.8692 -39.8439 -0.444561 0.421271 0.790504
1.13762 1.7198 1.9223 -76.1357 -41.8667 -0.444561 0.421271 0.790504
0.687749 1.98718 1.52681 -53.0657 -53.474 -0.444561 0.421271 0.790504
1.15559 1.97011 1.79901 -74.3731 -52.7328 -0.444561 0.421271 0.790504
0.687749 1.98718 1.52681 -53.0657 -53.474 -0.444561 0.421271 0.790504
1.13762 1.7198 1.9223 -76.1357 -41.8667 -0.444561 0.421271 0.790504
1.13762 1.7198 1.9223 1.81243 -30.9885 0.492434 0.355858 0.794276
1.65728 1.80594 1.56153 -23.0603 -34.6174 0.492434 0.355858 0.794276
1.15559 1.97011 1.79901 -1.34655 -41.5336 0.492434 0.355858 0.794276
1.62343 1.92186 1.53058 -22.5698 -39.5011 0.492434 0.355858 0.794276
1.15559 1.97011 1.79901 -1.34655 -41.5336 0.492434 0.355858 0.794276
1.65728 1.80594 1.56153 -23.0603 -34.6174 0.492434 0.355858 0.794276
1.62343 1.92186 1.53058 61.3102 -54.335 0.960932 0.276327 -0.0159329
1.65728 1.80594 1.56153 62.5507 -49.5861 0.960932 0.276327 -0.0159329
1.62343 1.89069 0.989937 40.0282 -53.058 0.960932 0.276327 -0.0159329
1.63647 1.84498 0.983228 39.7726 -51.1853 0.960932 0.276327 -0.0159329
1.62343 1.89069 0.989937 40.0282 -53.058 0.960932 0.276327 -0.0159329
1.65728 1.80594 1.56153 62.5507 -49.5861 0.960932 0.276327 -0.0159329
1.62343 1.89069 0.989937 74.8548 -71.0689 0.492434 0.262208 -0.829913
1.63647 1.84498 0.983228 75.1613 -69.2039 0.492434 0.262208 -0.829913
1.15559 1.90776 0.717735 53.5458 -71.7655 0.492434 0.262208 -0.829913
1.1489 1.80995 0.682862 52.6188 -67.7749 0.492434 0.262208 -0.829913
1.15559 1.90776 0.717735 53.5458 -71.7655 0.492434 0.262208 -0.829913
1.63647 1.84498 0.983228 75.1613 -69.2039 0.492434 0.262208 -0.829913
1.15559 1.90776 0.717735 26.8488 -85.1458 -0.444561 0.32762 -0.833685
1.1489 1.80995 0.682862 27.2625 -81.0699 -0.444561 0.32762 -0.833685
0.687749 1.95601 0.986171 5.62347 -87.1562 -0.444561 0.32762 -0.833685
0.585892 1.7255 0.9499 2.7569 -77.5508 -0.444561 0.32762 -0.833685
0.687749 1.95601 0.986171 5.62347 -87.1562 -0.444561 0.32762 -0.833685
1.1489 1.80995 0.682862 27.2625 -81.0699 -0.444561 0.32762 -0.833685
0.585892 1.7255 0.9499 -36.7924 -70.8272 -0.913059 0.407152 -0.0234762
0.545492 1.6732 1.61413 -62.9756 -68.5729 -0.913059 0.407152 -0.0234762
0.687749 1.95601 0.986171 -38.1168 -80.7634 -0.913059 0.407152 -0.0234762
0.687749 1.98718 1.52681 -59.3948 -82.1071 -0.913059 0.407152 -0.0234762
0.687749 1.95601 0.986171 -38.1168 -80.7634 -0.913059 0.407152 -0.0234762
0.545492 1.6732 1.61413 -62.9756 -68.5729 -0.913059 0.407152 -0.0234762
1.65728 1.80594 1.56153 62.5507 -49.5861 0.960932 0.276327 -0.0159329
1.94803 0.810204 1.82739 73.2061 -8.7957 0.960932 0.276327 -0.0159329
1.63647 1.84498 0.983228 39.7726 -51.1853 0.960932 0.276327 -0.0159329
1.94803 0.752283 0.82286 33.6631 -6.42296 0.960932 0.276327 -0.0159329
1.63647 1.84498 0.983228 39.7726 -51.1853 0.960932 0.276327 -0.0159329
1.94803 0.810204 1.82739 73.2061 -8.7957 0.960932 0.276327 -0.0159329
1.94803 0.810204 1.82739 -104.288 11.5497 -0.0697565 -0.99591 0.0574238
1.86067 0.760585 0.860741 -72.7205 33.1704 -0.0697565 -0.99591 0.0574238
1.94803 0.752283 0.82286 -73.7549 36.7883 -0.0697565 -0.99591 0.0574238
1.86067 0.760585 0.860741 -72.7205 33.1704 -0.0697565 -0.99591 0.0574238
1.94803 0.810204 1.82739 -104.288 11.5497 -0.0697565 -0.99591 0.0574238
1.8359 0.810998 1.70496 -97.7615 11.2038 -0.0697565 -0.99591 0.0574238
1.8359 0.810998 1.70496 67.1244 4.21479 0.89753 0.440954 1.13426e-015
2.23435 0 1.935 76.1811 39.7891 0.89753 0.440954 1.13426e-015
1.86067 0.760585 0.860741 33.8874 6.42611 0.89753 0.440954 1.13426e-015
2.23435 0 0.645 25.3937 39.7891 0.89753 0.440954 1.13426e-015
1.86067 0.760585 0.860741 33.8874 6.42611 0.89753 0.440954 1.13426e-015
2.23435 0 1.935 76.1811 39.7891 0.89753 0.440954 1.13426e-015
0.445517 0.906817 1.67778 -66.0543 -38.7775 -0.89753 0.440954 5.68328e-016
0.423937 0.862892 0.88976 -35.0299 -36.8507 -0.89753 0.440954 5.68328e-016
7.21911e-016 0 1.935 -76.1811 1 -0.89753 0.440954 5.68328e-016
0 0 0.645 -25.3937 1 -0.89753 0.440954 5.68328e-016
7.21911e-016 0 1.935 -76.1811 1 -0.89753 0.440954 5.68328e-016
0.423937 0.862892 0.88976 -35.0299 -36.8507 -0.89753 0.440954 5.68328e-016
1.05463 2.86492 1.76041 -71.2626 -105.444 -0.509561 0.138296 0.849248
0.687702 2.87551 1.53852 -54.3808 -105.864 -0.509561 0.138296 0.849248
1.18481 1.71789 2.02531 -81.0234 -59.8468 -0.509561 0.138296 0.849248
0.514564 1.66839 1.63121 -50.4133 -57.8791 -0.509561 0.138296 0.849248
1.18481 1.71789 2.02531 -81.0234 -59.8468 -0.509561 0.138296 0.849248
0.687702 2.87551 1.53852 -54.3808 -105.864 -0.509561 0.138296 0.849248
1.22649 4.24917 1.29343 70.076 -8.2949 0.0593064 0.996961 -0.0505039
1.22649 4.24522 1.21558 67.7425 -6.30169 0.0593064 0.996961 -0.0505039
1.1591 4.25514 1.33215 69.5166 -11.3124 0.0593064 0.996961 -0.0505039
