Vertex Count: 36

Data:

3 0 0 118.11 1 0 0 -1
0 0 0 0 1 0 0 -1
3 0.3 0 118.11 -10.811 0 0 -1
0 0.3 0 0 -10.811 0 0 -1
3 0.3 0 118.11 -10.811 0 0 -1
0 0 0 0 1 0 0 -1
0 0.3 0 0 1 0 1 0
0 0.3 3 0 -117.11 0 1 0
3 0.3 0 118.11 1 0 1 0
3 0.3 3 118.11 -117.11 0 1 0
3 0.3 0 118.11 1 0 1 0
0 0.3 3 0 -117.11 0 1 0
3 0.3 3 118.11 -10.811 1 0 0
3 0 3 118.11 1 1 0 0
3 0.3 0 0 -10.811 1 0 0
3 0 0 0 1 1 0 0
3 0.3 0 0 -10.811 1 0 0
3 0 3 118.11 1 1 0 0
3 0 0 -118.11 1 0 -1 0
3 0 3 -118.11 -117.11 0 -1 0
0 0 0 0 1 0 -1 0
0 0 3 0 -117.11 0 -1 0
0 0 0 0 1 0 -1 0
3 0 3 -118.11 -117.11 0 -1 0
0 0 3 -118.11 1 -1 0 0
0 0.3 3 -118.11 -10.811 -1 0 0
0 0 0 0 1 -1 0 0
0 0.3 0 0 -10.811 -1 0 0
0 0 0 0 1 -1 0 0
0 0.3 3 -118.11 -10.811 -1 0 0
0 0 3 0 1 0 0 1
3 0 3 -118.11 1 0 0 1
0 0.3 3 0 -10.811 0 0 1
3 0.3 3 -118.11 -10.811 0 0 1
0 0.3 3 0 -10.811 0 0 1
3 0 3 -118.11 1 0 0 1
