Vertex Count: 438

Data:

1.57888 3.30923 1.46627 -24.9691 -86.5598 0.459174 0.395774 0.795313
1.47785 3.54364 1.40794 -22.6728 -96.6092 0.459174 0.395774 0.795313
0.960769 3.37973 1.78804 2.43985 -89.5824 0.459174 0.395774 0.795313
0.960769 3.54364 1.70648 0.834234 -96.6092 0.459174 0.395774 0.795313
0.960769 3.37973 1.78804 2.43985 -89.5824 0.459174 0.395774 0.795313
1.47785 3.54364 1.40794 -22.6728 -96.6092 0.459174 0.395774 0.795313
0.960769 3.37973 1.78804 -67.9556 -104.553 -0.459174 0.395774 0.795313
0.960769 3.54364 1.70648 -66.35 -111.58 -0.459174 0.395774 0.795313
0.383145 3.40317 1.44289 -41.4669 -105.557 -0.459174 0.395774 0.795313
0.443683 3.54364 1.40794 -42.8429 -111.58 -0.459174 0.395774 0.795313
0.383145 3.40317 1.44289 -41.4669 -105.557 -0.459174 0.395774 0.795313
0.960769 3.54364 1.70648 -66.35 -111.58 -0.459174 0.395774 0.795313
0.443683 3.54364 1.40794 -55.4307 -134.035 -0.918348 0.395774 2.81091e-015
0.443683 3.54364 0.81086 -31.9236 -134.035 -0.918348 0.395774 2.81091e-015
0.383145 3.40317 1.44289 -56.8067 -128.013 -0.918348 0.395774 2.81091e-015
0.364586 3.3601 0.765194 -30.1257 -126.167 -0.918348 0.395774 2.81091e-015
0.383145 3.40317 1.44289 -56.8067 -128.013 -0.918348 0.395774 2.81091e-015
0.443683 3.54364 0.81086 -31.9236 -134.035 -0.918348 0.395774 2.81091e-015
0.364586 3.3601 0.765194 -32.3813 -20.6311 -0.0794253 -0.994694 0.0653832
0.383145 3.40317 1.44289 -53.4449 -37.1117 -0.0794253 -0.994694 0.0653832
0.180154 3.37065 0.701641 -25.8348 -24.6683 -0.0794253 -0.994694 0.0653832
0.180154 3.37065 0.701641 -25.8348 -24.6683 -0.0794253 -0.994694 0.0653832
0.383145 3.40317 1.44289 -53.4449 -37.1117 -0.0794253 -0.994694 0.0653832
0.180154 3.42744 1.56554 -52.0936 -46.3999 -0.0794253 -0.994694 0.0653832
0.927728 3.39634 2.0005 -84.0203 -34.4972 -0.0794253 -0.994694 0.0653832
0.180154 3.42744 1.56554 -52.0936 -46.3999 -0.0794253 -0.994694 0.0653832
0.383145 3.40317 1.44289 -53.4449 -37.1117 -0.0794253 -0.994694 0.0653832
0.927728 3.39634 2.0005 -70.4421 -103.682 -0.453944 0.377335 0.807188
0.978354 4.20021 1.65318 -65.4767 -137.857 -0.453944 0.377335 0.807188
0.180154 3.42744 1.56554 -36.3945 -105.004 -0.453944 0.377335 0.807188
0.469123 4.15453 1.38816 -42.8875 -135.914 -0.453944 0.377335 0.807188
0.180154 3.42744 1.56554 -36.3945 -105.004 -0.453944 0.377335 0.807188
0.978354 4.20021 1.65318 -65.4767 -137.857 -0.453944 0.377335 0.807188
0.469123 4.15453 1.38816 -54.159 -158.568 -0.931022 0.364177 -0.0239381
0.503867 4.2058 0.816914 -31.6415 -160.735 -0.931022 0.364177 -0.0239381
0.180154 3.42744 1.56554 -61.4327 -127.831 -0.931022 0.364177 -0.0239381
0.180154 3.37065 0.701641 -27.4322 -125.431 -0.931022 0.364177 -0.0239381
0.180154 3.42744 1.56554 -61.4327 -127.831 -0.931022 0.364177 -0.0239381
0.503867 4.2058 0.816914 -31.6415 -160.735 -0.931022 0.364177 -0.0239381
0.503867 4.2058 0.816914 2.37093 -168.391 -0.450166 0.291009 -0.844195
0.988057 4.2886 0.587261 23.4457 -171.798 -0.450166 0.291009 -0.844195
0.180154 3.37065 0.701641 -6.73929 -134.024 -0.450166 0.291009 -0.844195
0.927728 3.28276 0.272702 27.1771 -130.407 -0.450166 0.291009 -0.844195
0.180154 3.37065 0.701641 -6.73929 -134.024 -0.450166 0.291009 -0.844195
0.988057 4.2886 0.587261 23.4457 -171.798 -0.450166 0.291009 -0.844195
0.180154 3.37065 0.701641 -25.8348 -24.6683 -0.0794253 -0.994694 0.0653832
0.927728 3.28276 0.272702 -31.5026 8.96622 -0.0794253 -0.994694 0.0653832
0.364586 3.3601 0.765194 -32.3813 -20.6311 -0.0794253 -0.994694 0.0653832
0.960769 3.2875 0.384857 -35.7383 7.15455 -0.0794253 -0.994694 0.0653832
0.364586 3.3601 0.765194 -32.3813 -20.6311 -0.0794253 -0.994694 0.0653832
0.927728 3.28276 0.272702 -31.5026 8.96622 -0.0794253 -0.994694 0.0653832
0.364586 3.3601 0.765194 -2.63214 -133.652 -0.459174 0.395774 -0.795313
0.960769 3.2875 0.384857 25.182 -130.539 -0.459174 0.395774 -0.795313
0 2.51412 0.5547 -10.9193 -97.3844 -0.459174 0.395774 -0.795313
0.960769 2.51412 0 32.7579 -97.3844 -0.459174 0.395774 -0.795313
0 2.51412 0.5547 -10.9193 -97.3844 -0.459174 0.395774 -0.795313
0.960769 3.2875 0.384857 25.182 -130.539 -0.459174 0.395774 -0.795313
0.960769 2.51412 0 -37.8255 1 0 -1 0
0.862749 2.51412 1.01138 -33.9665 -38.8181 0 -1 0
0 2.51412 0.5547 0 -20.8386 0 -1 0
0.862749 2.51412 1.20742 -33.9665 -46.5362 0 -1 0
0 2.51412 0.5547 0 -20.8386 0 -1 0
0.862749 2.51412 1.01138 -33.9665 -38.8181 0 -1 0
0.862749 2.51412 1.20742 -33.9665 -46.5362 0 -1 0
0.960769 2.51412 2.2188 -37.8255 -86.3543 0 -1 0
0 2.51412 0.5547 0 -20.8386 0 -1 0
0 2.51412 1.6641 0 -64.5157 0 -1 0
0 2.51412 0.5547 0 -20.8386 0 -1 0
0.960769 2.51412 2.2188 -37.8255 -86.3543 0 -1 0
0 2.51412 0.5547 -21.8386 -89.8992 -0.918348 0.395774 1.4012e-015
0 2.51412 1.6641 -65.5157 -89.8992 -0.918348 0.395774 1.4012e-015
0.364586 3.3601 0.765194 -30.1257 -126.167 -0.918348 0.395774 1.4012e-015
0.383145 3.40317 1.44289 -56.8067 -128.013 -0.918348 0.395774 1.4012e-015
0.364586 3.3601 0.765194 -30.1257 -126.167 -0.918348 0.395774 1.4012e-015
0 2.51412 1.6641 -65.5157 -89.8992 -0.918348 0.395774 1.4012e-015
0 2.51412 1.6641 -32.7579 -67.4437 -0.459174 0.395774 0.795313
0.960769 2.51412 2.2188 -76.435 -67.4437 -0.459174 0.395774 0.795313
0.383145 3.40317 1.44289 -41.4669 -105.557 -0.459174 0.395774 0.795313
0.960769 3.37973 1.78804 -67.9556 -104.553 -0.459174 0.395774 0.795313
0.383145 3.40317 1.44289 -41.4669 -105.557 -0.459174 0.395774 0.795313
0.960769 2.51412 2.2188 -76.435 -67.4437 -0.459174 0.395774 0.795313
0.960769 3.37973 1.78804 -78.3894 -28.1432 -0.0794253 -0.994694 0.0653832
0.927728 3.39634 2.0005 -84.0203 -34.4972 -0.0794253 -0.994694 0.0653832
0.383145 3.40317 1.44289 -53.4449 -37.1117 -0.0794253 -0.994694 0.0653832
1.6753 3.30845 1.57156 -89.6881 -0.8627 -0.0794253 -0.994694 0.0653832
0.927728 3.39634 2.0005 -84.0203 -34.4972 -0.0794253 -0.994694 0.0653832
0.960769 3.37973 1.78804 -78.3894 -28.1432 -0.0794253 -0.994694 0.0653832
1.6753 3.30845 1.57156 -23.4552 -94.8734 0.499783 0.316815 0.80613
1.42526 4.28467 1.34291 -19.8319 -135.395 0.499783 0.316815 0.80613
0.927728 3.39634 2.0005 10.4578 -98.5215 0.499783 0.316815 0.80613
0.978354 4.20021 1.65318 1.55869 -131.889 0.499783 0.316815 0.80613
0.927728 3.39634 2.0005 10.4578 -98.5215 0.499783 0.316815 0.80613
1.42526 4.28467 1.34291 -19.8319 -135.395 0.499783 0.316815 0.80613
1.42526 4.28467 1.34291 74.4732 -44.6168 0.130672 -0.988132 -0.0807464
1.01894 4.19834 1.74177 79.4223 -22.4913 0.130672 -0.988132 -0.0807464
0.978354 4.20021 1.65318 75.6154 -22.9711 0.130672 -0.988132 -0.0807464
0.978354 4.20021 1.65318 75.6154 -22.9711 0.130672 -0.988132 -0.0807464
1.01894 4.19834 1.74177 79.4223 -22.4913 0.130672 -0.988132 -0.0807464
0.469123 4.15453 1.38816 56.2005 -11.262 0.130672 -0.988132 -0.0807464
1.01894 4.19834 1.74177 79.4223 -22.4913 0.130672 -0.988132 -0.0807464
0.442525 4.14981 1.40284 56.1419 -10.0529 0.130672 -0.988132 -0.0807464
0.469123 4.15453 1.38816 56.2005 -11.262 0.130672 -0.988132 -0.0807464
0.442525 4.20442 0.73453 33.759 -24.0501 0.130672 -0.988132 -0.0807464
0.469123 4.15453 1.38816 56.2005 -11.262 0.130672 -0.988132 -0.0807464
0.442525 4.14981 1.40284 56.1419 -10.0529 0.130672 -0.988132 -0.0807464
0.469123 4.15453 1.38816 56.2005 -11.262 0.130672 -0.988132 -0.0807464
0.442525 4.20442 0.73453 33.759 -24.0501 0.130672 -0.988132 -0.0807464
0.503867 4.2058 0.816914 37.7877 -24.4038 0.130672 -0.988132 -0.0807464
1.01894 4.30757 0.405142 34.6565 -50.4859 0.130672 -0.988132 -0.0807464
0.503867 4.2058 0.816914 37.7877 -24.4038 0.130672 -0.988132 -0.0807464
0.442525 4.20442 0.73453 33.759 -24.0501 0.130672 -0.988132 -0.0807464
0.988057 4.2886 0.587261 40.1169 -45.6248 0.130672 -0.988132 -0.0807464
0.503867 4.2058 0.816914 37.7877 -24.4038 0.130672 -0.988132 -0.0807464
1.01894 4.30757 0.405142 34.6565 -50.4859 0.130672 -0.988132 -0.0807464
0.503867 4.2058 0.816914 2.37093 -168.391 -0.450166 0.291009 -0.844195
0.591465 4.4318 0.848107 4.83619 -177.691 -0.450166 0.291009 -0.844195
0.988057 4.2886 0.587261 23.4457 -171.798 -0.450166 0.291009 -0.844195
0.993809 4.3845 0.617252 23.09 -175.745 -0.450166 0.291009 -0.844195
0.988057 4.2886 0.587261 23.4457 -171.798 -0.450166 0.291009 -0.844195
0.591465 4.4318 0.848107 4.83619 -177.691 -0.450166 0.291009 -0.844195
0.988057 4.2886 0.587261 45.2522 -163.25 0.496384 0.231852 -0.836569
0.993809 4.3845 0.617252 46.0494 -167.131 0.496384 0.231852 -0.836569
1.40736 4.32294 0.845576 64.6387 -164.639 0.496384 0.231852 -0.836569
1.39615 4.36776 0.851346 64.3751 -166.453 0.496384 0.231852 -0.836569
1.40736 4.32294 0.845576 64.6387 -164.639 0.496384 0.231852 -0.836569
0.993809 4.3845 0.617252 46.0494 -167.131 0.496384 0.231852 -0.836569
1.40736 4.32294 0.845576 34.2044 -150.613 0.969502 0.244554 -0.016075
1.39615 4.36776 0.851346 34.4242 -152.433 0.969502 0.244554 -0.016075
1.42526 4.28467 1.34291 53.7936 -149.059 0.969502 0.244554 -0.016075
1.39615 4.39832 1.3163 52.7268 -153.674 0.969502 0.244554 -0.016075
1.42526 4.28467 1.34291 53.7936 -149.059 0.969502 0.244554 -0.016075
1.39615 4.36776 0.851346 34.4242 -152.433 0.969502 0.244554 -0.016075
1.39615 4.39832 1.3163 -19.41 -140.112 0.499783 0.316815 0.80613
0.993809 4.44562 1.54715 -1.15803 -142.076 0.499783 0.316815 0.80613
1.42526 4.28467 1.34291 -19.8319 -135.395 0.499783 0.316815 0.80613
0.978354 4.20021 1.65318 1.55869 -131.889 0.499783 0.316815 0.80613
1.42526 4.28467 1.34291 -19.8319 -135.395 0.499783 0.316815 0.80613
0.993809 4.44562 1.54715 -1.15803 -142.076 0.499783 0.316815 0.80613
0.993809 4.44562 1.54715 -63.9609 -148.29 -0.453944 0.377335 0.807188
0.591465 4.46236 1.31306 -45.6365 -149.001 -0.453944 0.377335 0.807188
0.978354 4.20021 1.65318 -65.4767 -137.857 -0.453944 0.377335 0.807188
0.469123 4.15453 1.38816 -42.8875 -135.914 -0.453944 0.377335 0.807188
0.978354 4.20021 1.65318 -65.4767 -137.857 -0.453944 0.377335 0.807188
0.591465 4.46236 1.31306 -45.6365 -149.001 -0.453944 0.377335 0.807188
0.591465 4.46236 1.31306 -51.0795 -171.581 -0.931022 0.364177 -0.0239381
0.591465 4.4318 0.848107 -32.7805 -170.289 -0.931022 0.364177 -0.0239381
0.469123 4.15453 1.38816 -54.159 -158.568 -0.931022 0.364177 -0.0239381
0.503867 4.2058 0.816914 -31.6415 -160.735 -0.931022 0.364177 -0.0239381
0.469123 4.15453 1.38816 -54.159 -158.568 -0.931022 0.364177 -0.0239381
0.591465 4.4318 0.848107 -32.7805 -170.289 -0.931022 0.364177 -0.0239381
1.42526 4.28467 1.34291 53.7936 -149.059 0.969502 0.244554 -0.016075
1.6753 3.30845 1.57156 62.9573 -109.422 0.969502 0.244554 -0.016075
1.40736 4.32294 0.845576 34.2044 -150.613 0.969502 0.244554 -0.016075
1.6753 3.25166 0.70766 28.9502 -107.116 0.969502 0.244554 -0.016075
1.40736 4.32294 0.845576 34.2044 -150.613 0.969502 0.244554 -0.016075
1.6753 3.30845 1.57156 62.9573 -109.422 0.969502 0.244554 -0.016075
1.6753 3.25166 0.70766 70.94 -121.282 0.496384 0.231852 -0.836569
0.927728 3.28276 0.272702 36.89 -122.54 0.496384 0.231852 -0.836569
1.40736 4.32294 0.845576 64.6387 -164.639 0.496384 0.231852 -0.836569
0.988057 4.2886 0.587261 45.2522 -163.25 0.496384 0.231852 -0.836569
1.40736 4.32294 0.845576 64.6387 -164.639 0.496384 0.231852 -0.836569
0.927728 3.28276 0.272702 36.89 -122.54 0.496384 0.231852 -0.836569
1.40736 4.32294 0.845576 57.4461 -54.4265 0.130672 -0.988132 -0.0807464
0.988057 4.2886 0.587261 40.1169 -45.6248 0.130672 -0.988132 -0.0807464
1.01894 4.30757 0.405142 34.6565 -50.4859 0.130672 -0.988132 -0.0807464
1.59535 4.3561 0.744067 57.937 -62.9243 0.130672 -0.988132 -0.0807464
1.40736 4.32294 0.845576 57.4461 -54.4265 0.130672 -0.988132 -0.0807464
1.01894 4.30757 0.405142 34.6565 -50.4859 0.130672 -0.988132 -0.0807464
1.42526 4.28467 1.34291 74.4732 -44.6168 0.130672 -0.988132 -0.0807464
1.40736 4.32294 0.845576 57.4461 -54.4265 0.130672 -0.988132 -0.0807464
1.59535 4.3561 0.744067 57.937 -62.9243 0.130672 -0.988132 -0.0807464
1.59535 4.30148 1.41238 80.3198 -48.927 0.130672 -0.988132 -0.0807464
1.42526 4.28467 1.34291 74.4732 -44.6168 0.130672 -0.988132 -0.0807464
1.59535 4.3561 0.744067 57.937 -62.9243 0.130672 -0.988132 -0.0807464
1.59535 4.30148 1.41238 80.3198 -48.927 0.130672 -0.988132 -0.0807464
1.01894 4.19834 1.74177 79.4223 -22.4913 0.130672 -0.988132 -0.0807464
1.42526 4.28467 1.34291 74.4732 -44.6168 0.130672 -0.988132 -0.0807464
1.01894 4.19834 1.74177 -3.59182 -142.767 0.453992 0.220108 0.863391
1.59535 4.30148 1.41238 -29.7132 -146.93 0.453992 0.220108 0.863391
0.906981 5.32289 1.51395 -3.86473 -188.153 0.453992 0.220108 0.863391
1.2584 5.28889 1.33784 -19.3372 -186.781 0.453992 0.220108 0.863391
0.906981 5.32289 1.51395 -3.86473 -188.153 0.453992 0.220108 0.863391
1.59535 4.30148 1.41238 -29.7132 -146.93 0.453992 0.220108 0.863391
1.2584 5.28889 1.33784 -72.2217 -13.9173 -0.0675479 -0.996056 0.0575222
0.924714 5.32773 1.61856 -72.1188 -31.1527 -0.0675479 -0.996056 0.0575222
0.906981 5.32289 1.51395 -68.5306 -29.0056 -0.0675479 -0.996056 0.0575222
0.906981 5.32289 1.51395 -68.5306 -29.0056 -0.0675479 -0.996056 0.0575222
0.924714 5.32773 1.61856 -72.1188 -31.1527 -0.0675479 -0.996056 0.0575222
0.591424 5.33327 1.32313 -54.7562 -33.6116 -0.0675479 -0.996056 0.0575222
0.924714 5.32773 1.61856 -72.1188 -31.1527 -0.0675479 -0.996056 0.0575222
0.510558 5.34193 1.37809 -54.3393 -37.4534 -0.0675479 -0.996056 0.0575222
0.591424 5.33327 1.32313 -54.7562 -33.6116 -0.0675479 -0.996056 0.0575222
0.510558 5.3143 0.899631 -39.998 -25.1923 -0.0675479 -0.996056 0.0575222
0.591424 5.33327 1.32313 -54.7562 -33.6116 -0.0675479 -0.996056 0.0575222
0.510558 5.34193 1.37809 -54.3393 -37.4534 -0.0675479 -0.996056 0.0575222
0.584924 5.31225 0.951585 -43.4535 -24.2858 -0.0675479 -0.996056 0.0575222
0.591424 5.33327 1.32313 -54.7562 -33.6116 -0.0675479 -0.996056 0.0575222
0.510558 5.3143 0.899631 -39.998 -25.1923 -0.0675479 -0.996056 0.0575222
0.584924 5.31225 0.951585 -37.7 -209.332 -0.99204 0.125506 0.0102559
0.591424 5.33327 1.32313 -52.3296 -210.166 -0.99204 0.125506 0.0102559
0.592371 5.37019 0.962937 -38.15 -211.631 -0.99204 0.125506 0.0102559
0.592371 5.3408 1.32262 -52.3101 -210.464 -0.99204 0.125506 0.0102559
0.592371 5.37019 0.962937 -38.15 -211.631 -0.99204 0.125506 0.0102559
0.591424 5.33327 1.32313 -52.3296 -210.166 -0.99204 0.125506 0.0102559
0.592371 5.3408 1.32262 -46.7892 -203.738 -0.510688 0.121581 0.851126
0.591424 5.33327 1.32313 -46.7675 -203.439 -0.510688 0.121581 0.851126
0.902597 5.36692 1.50503 -60.9571 -204.774 -0.510688 0.121581 0.851126
0.906981 5.32289 1.51395 -61.2858 -203.028 -0.510688 0.121581 0.851126
0.902597 5.36692 1.50503 -60.9571 -204.774 -0.510688 0.121581 0.851126
0.591424 5.33327 1.32313 -46.7675 -203.439 -0.510688 0.121581 0.851126
0.902597 5.36692 1.50503 -3.87542 -189.93 0.453992 0.220108 0.863391
0.906981 5.32289 1.51395 -3.86473 -188.153 0.453992 0.220108 0.863391
1.21282 5.42243 1.32776 -17.9339 -192.171 0.453992 0.220108 0.863391
1.2584 5.28889 1.33784 -19.3372 -186.781 0.453992 0.220108 0.863391
1.21282 5.42243 1.32776 -17.9339 -192.171 0.453992 0.220108 0.863391
0.906981 5.32289 1.51395 -3.86473 -188.153 0.453992 0.220108 0.863391
1.21282 5.42243 1.32776 50.914 -184.947 0.945463 0.324649 0.0265291
1.2584 5.28889 1.33784 51.2604 -179.388 0.945463 0.324649 0.0265291
1.21282 5.45182 0.96807 36.7587 -186.17 0.945463 0.324649 0.0265291
1.27841 5.26396 0.929664 35.1749 -178.35 0.945463 0.324649 0.0265291
1.21282 5.45182 0.96807 36.7587 -186.17 0.945463 0.324649 0.0265291
1.2584 5.28889 1.33784 51.2604 -179.388 0.945463 0.324649 0.0265291
1.27841 5.26396 0.929664 61.766 -197.224 0.457971 0.328735 -0.825951
0.918053 5.27716 0.73511 45.6441 -197.774 0.457971 0.328735 -0.825951
1.21282 5.45182 0.96807 60.241 -205.055 0.457971 0.328735 -0.825951
0.902597 5.4257 0.785661 46.0771 -203.966 0.457971 0.328735 -0.825951
1.21282 5.45182 0.96807 60.241 -205.055 0.457971 0.328735 -0.825951
0.918053 5.27716 0.73511 45.6441 -197.774 0.457971 0.328735 -0.825951
0.918053 5.27716 0.73511 15.4438 -211.242 -0.513516 0.228081 -0.827212
0.584924 5.31225 0.951585 -0.194014 -212.661 -0.513516 0.228081 -0.827212
0.902597 5.4257 0.785661 13.8772 -217.249 -0.513516 0.228081 -0.827212
0.592371 5.37019 0.962937 -0.180623 -215.004 -0.513516 0.228081 -0.827212
0.902597 5.4257 0.785661 13.8772 -217.249 -0.513516 0.228081 -0.827212
0.584924 5.31225 0.951585 -0.194014 -212.661 -0.513516 0.228081 -0.827212
0.918053 5.27716 0.73511 -45.468 -8.71348 -0.0675479 -0.996056 0.0575222
0.584924 5.31225 0.951585 -43.4535 -24.2858 -0.0675479 -0.996056 0.0575222
0.924714 5.27247 0.661648 -43.4361 -6.63049 -0.0675479 -0.996056 0.0575222
0.510558 5.3143 0.899631 -39.998 -25.1923 -0.0675479 -0.996056 0.0575222
0.924714 5.27247 0.661648 -43.4361 -6.63049 -0.0675479 -0.996056 0.0575222
0.584924 5.31225 0.951585 -43.4535 -24.2858 -0.0675479 -0.996056 0.0575222
0.924714 5.27247 0.661648 19.4504 -210.227 -0.46607 0.236264 -0.852618
0.510558 5.3143 0.899631 0.649074 -211.921 -0.46607 0.236264 -0.852618
0.996823 6.67813 1.01175 15.3303 -267.18 -0.46607 0.236264 -0.852618
0.93887 6.68398 1.04505 12.6994 -267.417 -0.46607 0.236264 -0.852618
0.996823 6.67813 1.01175 15.3303 -267.18 -0.46607 0.236264 -0.852618
0.510558 5.3143 0.899631 0.649074 -211.921 -0.46607 0.236264 -0.852618
0.93887 6.68398 1.04505 55.2895 -20.886 0.0675479 0.996056 -0.0575222
0.93887 6.68785 1.112 57.2964 -22.6018 0.0675479 0.996056 -0.0575222
0.996823 6.67813 1.01175 55.7706 -18.2886 0.0675479 0.996056 -0.0575222
0.996823 6.68586 1.14565 59.7843 -21.7201 0.0675479 0.996056 -0.0575222
0.996823 6.67813 1.01175 55.7706 -18.2886 0.0675479 0.996056 -0.0575222
0.93887 6.68785 1.112 57.2964 -22.6018 0.0675479 0.996056 -0.0575222
1.05478 6.67614 1.0454 58.2586 -17.407 0.0675479 0.996056 -0.0575222
0.996823 6.67813 1.01175 55.7706 -18.2886 0.0675479 0.996056 -0.0575222
0.996823 6.68586 1.14565 59.7843 -21.7201 0.0675479 0.996056 -0.0575222
0.996823 6.67813 1.01175 54.0215 -260.037 0.498168 0.185406 -0.847026
1.05478 6.67614 1.0454 56.6598 -259.957 0.498168 0.185406 -0.847026
0.924714 5.27247 0.661648 44.5868 -203.72 0.498168 0.185406 -0.847026
1.33887 5.25827 0.902121 63.4411 -203.151 0.498168 0.185406 -0.847026
0.924714 5.27247 0.661648 44.5868 -203.72 0.498168 0.185406 -0.847026
1.05478 6.67614 1.0454 56.6598 -259.957 0.498168 0.185406 -0.847026
1.33887 5.25827 0.902121 -61.2156 -0.32977 -0.0675479 -0.996056 0.0575222
1.27841 5.26396 0.929664 -60.4979 -2.85506 -0.0675479 -0.996056 0.0575222
0.924714 5.27247 0.661648 -43.4361 -6.63049 -0.0675479 -0.996056 0.0575222
1.27841 5.26396 0.929664 -60.4979 -2.85506 -0.0675479 -0.996056 0.0575222
0.918053 5.27716 0.73511 -45.468 -8.71348 -0.0675479 -0.996056 0.0575222
0.924714 5.27247 0.661648 -43.4361 -6.63049 -0.0675479 -0.996056 0.0575222
1.27841 5.26396 0.929664 61.766 -197.224 0.457971 0.328735 -0.825951
1.59535 4.3561 0.744067 69.1356 -159.378 0.457971 0.328735 -0.825951
0.918053 5.27716 0.73511 45.6441 -197.774 0.457971 0.328735 -0.825951
1.01894 4.30757 0.405142 42.8183 -157.355 0.457971 0.328735 -0.825951
0.918053 5.27716 0.73511 45.6441 -197.774 0.457971 0.328735 -0.825951
1.59535 4.3561 0.744067 69.1356 -159.378 0.457971 0.328735 -0.825951
0.918053 5.27716 0.73511 15.4438 -211.242 -0.513516 0.228081 -0.827212
1.01894 4.30757 0.405142 25.67 -172.036 -0.513516 0.228081 -0.827212
0.584924 5.31225 0.951585 -0.194014 -212.661 -0.513516 0.228081 -0.827212
0.442525 4.20442 0.73453 -0.45007 -167.865 -0.513516 0.228081 -0.827212
0.584924 5.31225 0.951585 -0.194014 -212.661 -0.513516 0.228081 -0.827212
1.01894 4.30757 0.405142 25.67 -172.036 -0.513516 0.228081 -0.827212
0.442525 4.20442 0.73453 -29.0971 -165.369 -0.99204 0.125506 0.0102559
0.442525 4.14981 1.40284 -55.4071 -163.201 -0.99204 0.125506 0.0102559
0.584924 5.31225 0.951585 -37.7 -209.332 -0.99204 0.125506 0.0102559
0.591424 5.33327 1.32313 -52.3296 -210.166 -0.99204 0.125506 0.0102559
0.584924 5.31225 0.951585 -37.7 -209.332 -0.99204 0.125506 0.0102559
0.442525 4.14981 1.40284 -55.4071 -163.201 -0.99204 0.125506 0.0102559
0.442525 4.14981 1.40284 -43.3554 -156.498 -0.510688 0.121581 0.851126
1.01894 4.19834 1.74177 -69.6801 -158.423 -0.510688 0.121581 0.851126
0.591424 5.33327 1.32313 -46.7675 -203.439 -0.510688 0.121581 0.851126
0.906981 5.32289 1.51395 -61.2858 -203.028 -0.510688 0.121581 0.851126
0.591424 5.33327 1.32313 -46.7675 -203.439 -0.510688 0.121581 0.851126
1.01894 4.19834 1.74177 -69.6801 -158.423 -0.510688 0.121581 0.851126
1.59535 4.3561 0.744067 27.5207 -140.561 0.945463 0.324649 0.0265291
1.27841 5.26396 0.929664 35.1749 -178.35 0.945463 0.324649 0.0265291
1.59535 4.30148 1.41238 53.8219 -138.288 0.945463 0.324649 0.0265291
1.2584 5.28889 1.33784 51.2604 -179.388 0.945463 0.324649 0.0265291
1.59535 4.30148 1.41238 53.8219 -138.288 0.945463 0.324649 0.0265291
1.27841 5.26396 0.929664 35.1749 -178.35 0.945463 0.324649 0.0265291
1.27841 5.26396 0.929664 -60.4979 -2.85506 -0.0675479 -0.996056 0.0575222
1.33887 5.2859 1.38058 -75.5569 -12.5909 -0.0675479 -0.996056 0.0575222
1.2584 5.28889 1.33784 -72.2217 -13.9173 -0.0675479 -0.996056 0.0575222
1.33887 5.2859 1.38058 -75.5569 -12.5909 -0.0675479 -0.996056 0.0575222
0.924714 5.32773 1.61856 -72.1188 -31.1527 -0.0675479 -0.996056 0.0575222
1.2584 5.28889 1.33784 -72.2217 -13.9173 -0.0675479 -0.996056 0.0575222
1.33887 5.2859 1.38058 -16.8814 -180.65 0.500648 0.260835 0.825419
1.05478 6.68001 1.11235 -12.7948 -237.505 0.500648 0.260835 0.825419
0.924714 5.32773 1.61856 1.91887 -182.356 0.500648 0.260835 0.825419
0.996823 6.68586 1.14565 -10.1641 -237.743 0.500648 0.260835 0.825419
0.924714 5.32773 1.61856 1.91887 -182.356 0.500648 0.260835 0.825419
1.05478 6.68001 1.11235 -12.7948 -237.505 0.500648 0.260835 0.825419
0.924714 5.32773 1.61856 -63.1184 -186.542 -0.468936 0.312546 0.826083
0.996823 6.68586 1.14565 -56.396 -242.832 -0.468936 0.312546 0.826083
0.510558 5.34193 1.37809 -44.2647 -187.131 -0.468936 0.312546 0.826083
0.93887 6.68785 1.112 -53.7577 -242.914 -0.468936 0.312546 0.826083
0.510558 5.34193 1.37809 -44.2647 -187.131 -0.468936 0.312546 0.826083
0.996823 6.68586 1.14565 -56.396 -242.832 -0.468936 0.312546 0.826083
0.93887 6.68785 1.112 -43.1007 -261.495 -0.953755 0.300087 -0.01733
0.93887 6.68398 1.04505 -40.4653 -261.336 -0.953755 0.300087 -0.01733
0.510558 5.34193 1.37809 -53.8812 -205.946 -0.953755 0.300087 -0.01733
0.510558 5.3143 0.899631 -35.0475 -204.806 -0.953755 0.300087 -0.01733
0.510558 5.34193 1.37809 -53.8812 -205.946 -0.953755 0.300087 -0.01733
0.93887 6.68398 1.04505 -40.4653 -261.336 -0.953755 0.300087 -0.01733
1.05478 6.68001 1.11235 60.2654 -19.1227 0.0675479 0.996056 -0.0575222
1.05478 6.67614 1.0454 58.2586 -17.407 0.0675479 0.996056 -0.0575222
0.996823 6.68586 1.14565 59.7843 -21.7201 0.0675479 0.996056 -0.0575222
1.05478 6.68001 1.11235 44.2735 -248.707 0.980225 0.197556 -0.0114088
1.33887 5.2859 1.38058 54.9632 -192.717 0.980225 0.197556 -0.0114088
1.05478 6.67614 1.0454 41.6378 -248.551 0.980225 0.197556 -0.0114088
1.33887 5.25827 0.902121 36.1276 -191.607 0.980225 0.197556 -0.0114088
1.05478 6.67614 1.0454 41.6378 -248.551 0.980225 0.197556 -0.0114088
1.33887 5.2859 1.38058 54.9632 -192.717 0.980225 0.197556 -0.0114088
1.33887 5.2859 1.38058 -75.5569 -12.5909 -0.0675479 -0.996056 0.0575222
1.27841 5.26396 0.929664 -60.4979 -2.85506 -0.0675479 -0.996056 0.0575222
1.33887 5.25827 0.902121 -61.2156 -0.32977 -0.0675479 -0.996056 0.0575222
1.6753 3.25166 0.70766 -63.4292 20.869 -0.0794253 -0.994694 0.0653832
0.960769 3.2875 0.384857 -35.7383 7.15455 -0.0794253 -0.994694 0.0653832
0.927728 3.28276 0.272702 -31.5026 8.96622 -0.0794253 -0.994694 0.0653832
1.60018 3.2598 0.740237 -62.5397 17.7538 -0.0794253 -0.994694 0.0653832
0.960769 3.2875 0.384857 -35.7383 7.15455 -0.0794253 -0.994694 0.0653832
1.6753 3.25166 0.70766 -63.4292 20.869 -0.0794253 -0.994694 0.0653832
0.960769 3.2875 0.384857 40.3338 -115.569 0.459174 0.395774 -0.795313
1.60018 3.2598 0.740237 69.1304 -114.382 0.459174 0.395774 -0.795313
0.960769 2.51412 0 32.7579 -82.4141 0.459174 0.395774 -0.795313
1.92154 2.51412 0.5547 76.435 -82.4141 0.459174 0.395774 -0.795313
0.960769 2.51412 0 32.7579 -82.4141 0.459174 0.395774 -0.795313
1.60018 3.2598 0.740237 69.1304 -114.382 0.459174 0.395774 -0.795313
1.92154 2.51412 0.5547 -75.6511 -20.8386 0 -1 0
1.05879 2.51412 1.01138 -41.6846 -38.8181 0 -1 0
0.960769 2.51412 0 -37.8255 1 0 -1 0
1.05879 2.51412 1.01138 -41.6846 -38.8181 0 -1 0
0.862749 2.51412 1.01138 -33.9665 -38.8181 0 -1 0
0.960769 2.51412 0 -37.8255 1 0 -1 0
0.862749 2.51412 1.01138 33.9665 -99.306 0 0.034768 -0.999395
1.05879 2.51412 1.01138 41.6846 -99.306 0 0.034768 -0.999395
0.775285 0 0.923916 30.523 -0.26467 0 0.034768 -0.999395
1.14625 0 0.923916 45.1281 -0.26467 0 0.034768 -0.999395
0.775285 0 0.923916 30.523 -0.26467 0 0.034768 -0.999395
1.05879 2.51412 1.01138 41.6846 -99.306 0 0.034768 -0.999395
1.14625 0 0.923916 -45.1281 -35.3746 0 -1 0
1.14625 0 1.29488 -45.1281 -49.9797 0 -1 0
0.775285 0 0.923916 -30.523 -35.3746 0 -1 0
0.775285 0 1.29488 -30.523 -49.9797 0 -1 0
0.775285 0 0.923916 -30.523 -35.3746 0 -1 0
1.14625 0 1.29488 -45.1281 -49.9797 0 -1 0
0.775285 0 0.923916 -36.3746 -0.06122 -0.999395 0.034768 1.99189e-018
0.775285 0 1.29488 -50.9797 -0.06122 -0.999395 0.034768 1.99189e-018
0.862749 2.51412 1.01138 -39.8181 -99.102 -0.999395 0.034768 1.99189e-018
0.862749 2.51412 1.20742 -47.5362 -99.102 -0.999395 0.034768 1.99189e-018
0.862749 2.51412 1.01138 -39.8181 -99.102 -0.999395 0.034768 1.99189e-018
0.775285 0 1.29488 -50.9797 -0.06122 -0.999395 0.034768 1.99189e-018
0.862749 2.51412 1.20742 -33.9665 -46.5362 0 -1 0
0.862749 2.51412 1.01138 -33.9665 -38.8181 0 -1 0
1.05879 2.51412 1.01138 -41.6846 -38.8181 0 -1 0
1.05879 2.51412 1.20742 -41.6846 -46.5362 0 -1 0
0.862749 2.51412 1.20742 -33.9665 -46.5362 0 -1 0
1.05879 2.51412 1.01138 -41.6846 -38.8181 0 -1 0
1.05879 2.51412 1.20742 -41.6846 -46.5362 0 -1 0
0.960769 2.51412 2.2188 -37.8255 -86.3543 0 -1 0
0.862749 2.51412 1.20742 -33.9665 -46.5362 0 -1 0
1.92154 2.51412 1.6641 -75.6511 -64.5157 0 -1 0
0.960769 2.51412 2.2188 -37.8255 -86.3543 0 -1 0
1.05879 2.51412 1.20742 -41.6846 -46.5362 0 -1 0
0.960769 2.51412 2.2188 10.9193 -52.4733 0.459174 0.395774 0.795313
1.92154 2.51412 1.6641 -32.7579 -52.4733 0.459174 0.395774 0.795313
0.960769 3.37973 1.78804 2.43985 -89.5824 0.459174 0.395774 0.795313
1.57888 3.30923 1.46627 -24.9691 -86.5598 0.459174 0.395774 0.795313
0.960769 3.37973 1.78804 2.43985 -89.5824 0.459174 0.395774 0.795313
1.92154 2.51412 1.6641 -32.7579 -52.4733 0.459174 0.395774 0.795313
1.57888 3.30923 1.46627 -84.0749 -1.16059 -0.0794253 -0.994694 0.0653832
1.6753 3.30845 1.57156 -89.6881 -0.8627 -0.0794253 -0.994694 0.0653832
0.960769 3.37973 1.78804 -78.3894 -28.1432 -0.0794253 -0.994694 0.0653832
1.60018 3.2598 0.740237 -62.5397 17.7538 -0.0794253 -0.994694 0.0653832
1.6753 3.30845 1.57156 -89.6881 -0.8627 -0.0794253 -0.994694 0.0653832
1.57888 3.30923 1.46627 -84.0749 -1.16059 -0.0794253 -0.994694 0.0653832
1.6753 3.30845 1.57156 -89.6881 -0.8627 -0.0794253 -0.994694 0.0653832
1.60018 3.2598 0.740237 -62.5397 17.7538 -0.0794253 -0.994694 0.0653832
1.6753 3.25166 0.70766 -63.4292 20.869 -0.0794253 -0.994694 0.0653832
1.60018 3.2598 0.740237 29.1432 -91.9261 0.918348 0.395774 -2.12719e-016
1.47785 3.54364 0.81086 31.9236 -104.094 0.918348 0.395774 -2.12719e-016
1.57888 3.30923 1.46627 57.727 -94.045 0.918348 0.395774 -2.12719e-016
1.47785 3.54364 1.40794 55.4307 -104.094 0.918348 0.395774 -2.12719e-016
1.57888 3.30923 1.46627 57.727 -94.045 0.918348 0.395774 -2.12719e-016
1.47785 3.54364 0.81086 31.9236 -104.094 0.918348 0.395774 -2.12719e-016
1.60018 3.2598 0.740237 69.1304 -114.382 0.459174 0.395774 -0.795313
0.960769 3.2875 0.384857 40.3338 -115.569 0.459174 0.395774 -0.795313
1.47785 3.54364 0.81086 66.35 -126.55 0.459174 0.395774 -0.795313
0.960769 3.54364 0.512321 42.8429 -126.55 0.459174 0.395774 -0.795313
1.47785 3.54364 0.81086 66.35 -126.55 0.459174 0.395774 -0.795313
0.960769 3.2875 0.384857 40.3338 -115.569 0.459174 0.395774 -0.795313
0.960769 3.2875 0.384857 25.182 -130.539 -0.459174 0.395774 -0.795313
0.364586 3.3601 0.765194 -2.63214 -133.652 -0.459174 0.395774 -0.795313
0.960769 3.54364 0.512321 22.6728 -141.52 -0.459174 0.395774 -0.795313
0.443683 3.54364 0.81086 -0.834234 -141.52 -0.459174 0.395774 -0.795313
0.960769 3.54364 0.512321 22.6728 -141.52 -0.459174 0.395774 -0.795313
0.364586 3.3601 0.765194 -2.63214 -133.652 -0.459174 0.395774 -0.795313
1.57888 3.30923 1.46627 57.727 -94.045 0.918348 0.395774 1.5035e-016
1.92154 2.51412 1.6641 65.5157 -59.9585 0.918348 0.395774 1.5035e-016
1.60018 3.2598 0.740237 29.1432 -91.9261 0.918348 0.395774 1.5035e-016
1.92154 2.51412 0.5547 21.8386 -59.9585 0.918348 0.395774 1.5035e-016
1.60018 3.2598 0.740237 29.1432 -91.9261 0.918348 0.395774 1.5035e-016
1.92154 2.51412 1.6641 65.5157 -59.9585 0.918348 0.395774 1.5035e-016
1.92154 2.51412 1.6641 -75.6511 -64.5157 0 -1 0
1.05879 2.51412 1.01138 -41.6846 -38.8181 0 -1 0
1.92154 2.51412 0.5547 -75.6511 -20.8386 0 -1 0
1.05879 2.51412 1.01138 -41.6846 -38.8181 0 -1 0
1.92154 2.51412 1.6641 -75.6511 -64.5157 0 -1 0
1.05879 2.51412 1.20742 -41.6846 -46.5362 0 -1 0
1.05879 2.51412 1.20742 47.5362 -96.4721 0.999395 0.034768 -4.51392e-018
1.14625 0 1.29488 50.9797 2.56901 0.999395 0.034768 -4.51392e-018
1.05879 2.51412 1.01138 39.8181 -96.4721 0.999395 0.034768 -4.51392e-018
1.14625 0 0.923916 36.3746 2.56901 0.999395 0.034768 -4.51392e-018
1.05879 2.51412 1.01138 39.8181 -96.4721 0.999395 0.034768 -4.51392e-018
1.14625 0 1.29488 50.9797 2.56901 0.999395 0.034768 -4.51392e-018
1.05879 2.51412 1.20742 -41.6846 -96.2687 -1.30116e-017 0.034768 0.999395
0.862749 2.51412 1.20742 -33.9665 -96.2687 -1.30116e-017 0.034768 0.999395
1.14625 0 1.29488 -45.1281 2.77246 -1.30116e-017 0.034768 0.999395
0.775285 0 1.29488 -30.523 2.77246 -1.30116e-017 0.034768 0.999395
1.14625 0 1.29488 -45.1281 2.77246 -1.30116e-017 0.034768 0.999395
0.862749 2.51412 1.20742 -33.9665 -96.2687 -1.30116e-017 0.034768 0.999395
