Vertex Count: 1527

Data:

55.3343 208.669 8.97 0.4267 0.9627 0.1563 -0.2996 0.9412
43.3189 203.935 3.814 0.4267 0.9921 0.0185 -0.1962 0.9804
49.978 164.956 0.3224 0.4391 0.9921 0.0185 -0.1962 0.9804
56.4156 218.391 -5.4227 0.4147 0.9627 -0.4139 0.6906 0.5931
46.9644 221.236 -11.5318 0.4147 0.9921 -0.373 0.7154 0.5908
43.3189 203.935 3.814 0.4267 0.9921 -0.373 0.7154 0.5908
57.6325 219.243 -23.4077 0.4034 0.9627 -0.3071 0.9246 -0.2254
46.953 209.186 -28.2928 0.4034 0.9921 -0.1676 0.9366 -0.3077
46.9644 221.236 -11.5318 0.4147 0.9921 -0.1676 0.9366 -0.3077
60.113 194.286 -28.3508 0.3872 0.9627 0.2024 0.2451 -0.9481
45.9287 166.952 -36.3151 0.3872 0.9921 0.2105 0.1896 -0.959
46.953 209.186 -28.2928 0.4034 0.9921 0.2105 0.1896 -0.959
63.423 180.283 -17.7915 0.3702 0.9627 0.6992 -0.3022 -0.6479
54.5542 152.969 -18.2778 0.3702 0.9921 0.7866 -0.2441 -0.5672
45.9287 166.952 -36.3151 0.3872 0.9921 0.7866 -0.2441 -0.5672
57.1345 190.132 0.791 0.4391 0.9627 0.7624 -0.4886 0.4242
49.978 164.956 0.3224 0.4391 0.9921 0.8685 -0.2727 0.4139
54.5542 152.969 -18.2778 0.4564 0.9921 0.8685 -0.2727 0.4139
57.1345 190.132 0.791 0.4391 0.9627 0.1563 -0.2996 0.9412
95.8086 221.087 1.1524 0.4391 0.9232 0.4199 -0.2111 0.8827
86.8753 227.42 7.7533 0.4267 0.9232 0.4199 -0.2111 0.8827
74.091 230.77 -1.4168 0.4147 0.9232 -0.4639 0.5886 0.6621
56.4156 218.391 -5.4227 0.4147 0.9627 -0.4139 0.6906 0.5931
55.3343 208.669 8.97 0.4267 0.9627 -0.4139 0.6906 0.5931
73.1892 225.077 -15.7615 0.4034 0.9232 -0.6585 0.7276 -0.1922
57.6325 219.243 -23.4077 0.4034 0.9627 -0.3071 0.9246 -0.2254
56.4156 218.391 -5.4227 0.4147 0.9627 -0.3071 0.9246 -0.2254
83.6516 216.609 -18.8579 0.3872 0.9232 -0.0561 0.1512 -0.9869
60.113 194.286 -28.3508 0.3872 0.9627 0.2024 0.2451 -0.9481
57.6325 219.243 -23.4077 0.4034 0.9627 0.2024 0.2451 -0.9481
93.4896 215.829 -11.1141 0.3702 0.9232 0.5475 -0.4644 -0.6961
63.423 180.283 -17.7915 0.3702 0.9627 0.6992 -0.3022 -0.6479
60.113 194.286 -28.3508 0.3872 0.9627 0.6992 -0.3022 -0.6479
95.8086 221.087 1.1524 0.4391 0.9232 0.719 -0.6053 0.3416
57.1345 190.132 0.791 0.4391 0.9627 0.7624 -0.4886 0.4242
63.423 180.283 -17.7915 0.4564 0.9627 0.7624 -0.4886 0.4242
96.3014 247.315 1.3987 0.4267 0.9009 0.6466 0.28 0.7096
86.8753 227.42 7.7533 0.4267 0.9232 0.4199 -0.2111 0.8827
95.8086 221.087 1.1524 0.4391 0.9232 0.4199 -0.2111 0.8827
87.1404 250.945 -8.5576 0.4147 0.9009 -0.2232 0.8008 0.5558
74.091 230.77 -1.4168 0.4147 0.9232 -0.4639 0.5886 0.6621
86.8753 227.42 7.7533 0.4267 0.9232 -0.4639 0.5886 0.6621
89.2445 246.434 -20.9538 0.4034 0.8914 -0.4334 0.8163 -0.382
73.1892 225.077 -15.7615 0.4034 0.9232 -0.6585 0.7276 -0.1922
74.091 230.77 -1.4168 0.4147 0.9232 -0.6585 0.7276 -0.1922
95.7969 231.708 -22.9726 0.3872 0.8914 -0.4842 -0.1031 -0.8689
83.6516 216.609 -18.8579 0.3872 0.9232 -0.0561 0.1512 -0.9869
73.1892 225.077 -15.7615 0.4034 0.9232 -0.0561 0.1512 -0.9869
104.958 228.078 -13.0163 0.3702 0.8914 0.1971 -0.8483 -0.4915
93.4896 215.829 -11.1141 0.3702 0.9232 0.5475 -0.4644 -0.6961
83.6516 216.609 -18.8579 0.3872 0.9232 0.5475 -0.4644 -0.6961
106.466 239.511 -4.2141 0.4391 0.8914 0.7486 -0.5404 0.3842
95.8086 221.087 1.1524 0.4391 0.9232 0.719 -0.6053 0.3416
93.4896 215.829 -11.1141 0.4564 0.9232 0.719 -0.6053 0.3416
-7.3162 199.135 5.5583 0.3181 0.5773 -0.4834 0.0408 0.8744
-9.0055 144.846 14.5688 0.3181 0.6749 -0.2123 0.2918 0.9326
13.3239 145.429 20.1535 0.2769 0.6749 -0.2123 0.2918 0.9326
-14.3935 196.016 -18.9708 0.36 0.5773 -0.9419 0.2073 0.2641
-24.2763 144.518 -8.6034 0.36 0.6749 -0.7942 0.3448 0.5004
-9.0055 144.846 14.5688 0.3181 0.6749 -0.7942 0.3448 0.5004
-2.0572 199.249 -41.321 0.0436 0.5746 -0.9335 0.1983 -0.2987
-18.693 144.638 -35.7892 0.0436 0.6749 -0.9488 0.2488 -0.1945
-24.2763 144.518 -8.6034 0.0081 0.6749 -0.9488 0.2488 -0.1945
22.4662 204.021 -48.4 0.0779 0.5746 -0.3438 0.0922 -0.9345
-0.3763 145.135 -51.0636 0.0779 0.6749 -0.607 0.0741 -0.7913
-18.693 144.638 -35.7892 0.0436 0.6749 -0.607 0.0741 -0.7913
44.8113 209.604 -39.0167 0.1219 0.5746 0.4044 0.0555 -0.9129
26.8033 145.719 -45.4789 0.1219 0.6749 0.1632 -0.1296 -0.9781
-0.3763 145.135 -51.0636 0.0779 0.6749 0.1632 -0.1296 -0.9781
46.953 209.186 -28.2928 0.1505 0.5746 0.9166 0.0589 -0.3954
45.9287 166.952 -36.3151 0.1505 0.6327 0.7089 -0.195 -0.6779
26.8033 145.719 -45.4789 0.1219 0.6749 0.7003 -0.2116 -0.6818
37.2795 204.389 11.6399 0.2278 0.5773 0.7651 0.0437 0.6425
36.2295 145.927 4.8791 0.2278 0.6749 0.848 -0.2275 0.4787
49.978 164.956 0.3224 0.2087 0.6306 0.6882 -0.3035 0.6589
15.0289 203.861 17.8974 0.2769 0.5773 0.3437 -0.0805 0.9356
13.3239 145.429 20.1535 0.2769 0.6749 0.5666 0.1092 0.8167
36.2295 145.927 4.8791 0.2278 0.6749 0.5666 0.1092 0.8167
1.3514 246.452 9.3709 0.3181 0.5052 -0.578 -0.0223 0.8157
-7.3162 199.135 5.5583 0.3181 0.5773 -0.4834 0.0408 0.8744
15.0289 203.861 17.8974 0.2769 0.5773 -0.4834 0.0408 0.8744
4.7861 259.677 -17.7807 0.36 0.5052 -0.9648 0.2369 0.1143
-14.3935 196.016 -18.9708 0.36 0.5773 -0.9419 0.2073 0.2641
-7.3162 199.135 5.5583 0.3181 0.5773 -0.9419 0.2073 0.2641
3.1454 242.794 -42.6887 0.0436 0.5052 -0.9379 0.2129 -0.2738
-2.0572 199.249 -41.321 0.0436 0.5746 -0.9335 0.1983 -0.2987
-14.3935 196.016 -18.9708 0.0081 0.5746 -0.9335 0.1983 -0.2987
26.8476 232.273 -46.1212 0.0779 0.5052 -0.2082 0.0402 -0.9773
22.4662 204.021 -48.4 0.0779 0.5746 -0.3438 0.0922 -0.9345
-2.0572 199.249 -41.321 0.0436 0.5746 -0.3438 0.0922 -0.9345
44.6414 240.881 -29.263 0.1219 0.5052 0.508 0.136 -0.8506
44.8113 209.604 -39.0167 0.1219 0.5746 0.4044 0.0555 -0.9129
22.4662 204.021 -48.4 0.0779 0.5746 0.4044 0.0555 -0.9129
46.9644 221.236 -11.5318 0.1809 0.5565 0.9907 0.1356 -0.0112
46.953 209.186 -28.2928 0.1505 0.5746 0.9166 0.0589 -0.3954
44.8113 209.604 -39.0167 0.1219 0.5746 0.9166 0.0589 -0.3954
44.6414 240.881 -29.263 0.1219 0.5052 0.9907 0.1356 -0.0112
39.4733 250.915 -7.3421 0.1809 0.5052 0.9907 0.1356 -0.0112
44.8113 209.604 -39.0167 0.1219 0.5746 0.9166 0.0589 -0.3954
31.7964 240.743 17.9053 0.2278 0.5052 0.9019 0.1377 0.4095
37.2795 204.389 11.6399 0.2278 0.5773 0.7651 0.0437 0.6425
43.3189 203.935 3.814 0.2087 0.5773 0.7651 0.0437 0.6425
46.9644 221.236 -11.5318 0.1809 0.5565 0.9019 0.1377 0.4095
39.4733 250.915 -7.3421 0.1809 0.5052 0.9019 0.1377 0.4095
43.3189 203.935 3.814 0.2087 0.5773 0.7651 0.0437 0.6425
13.8081 235.099 21.5085 0.2769 0.5052 0.2531 -0.1153 0.9606
15.0289 203.861 17.8974 0.2769 0.5773 0.3437 -0.0805 0.9356
37.2795 204.389 11.6399 0.2278 0.5773 0.3437 -0.0805 0.9356
20.0325 107.457 35.0183 0.2769 0.7337 0.1256 0.3192 0.9393
13.3239 145.429 20.1535 0.2769 0.6749 -0.2123 0.2918 0.9326
-9.0055 144.846 14.5688 0.3181 0.6749 -0.2123 0.2918 0.9326
-10.9643 107.901 38.8665 0.3181 0.7337 -0.5861 0.3352 0.7376
-9.0055 144.846 14.5688 0.3181 0.6749 -0.7942 0.3448 0.5004
-24.2763 144.518 -8.6034 0.36 0.6749 -0.7942 0.3448 0.5004
-35.6107 103.776 20.1226 0.0081 0.7337 -0.9681 0.2303 0.0988
-24.2763 144.518 -8.6034 0.0081 0.6749 -0.9488 0.2488 -0.1945
-18.693 144.638 -35.7892 0.0436 0.6749 -0.9488 0.2488 -0.1945
-39.4694 97.4969 -10.2335 0.0436 0.7337 -0.7938 0.0944 -0.6008
-18.693 144.638 -35.7892 0.0436 0.6749 -0.607 0.0741 -0.7913
-0.3763 145.135 -51.0636 0.0779 0.6749 -0.607 0.0741 -0.7913
-20.2799 92.7442 -34.4195 0.0779 0.7337 -0.1129 0.0015 -0.9936
-0.3763 145.135 -51.0636 0.0779 0.6749 0.1632 -0.1296 -0.9781
26.8033 145.719 -45.4789 0.1219 0.6749 0.1632 -0.1296 -0.9781
10.7168 92.2986 -38.2677 0.1219 0.7337 0.6014 -0.0106 -0.7989
26.8033 145.719 -45.4789 0.1219 0.6749 0.7003 -0.2116 -0.6818
42.2993 135.564 -22.3067 0.1809 0.6749 0.6927 -0.3013 -0.6553
35.3633 96.4242 -19.5238 0.1809 0.7337 0.9907 0.0731 -0.115
42.2993 135.564 -22.3067 0.1809 0.6749 0.9203 -0.2987 0.2527
36.2295 145.927 4.8791 0.2278 0.6749 0.848 -0.2275 0.4787
39.222 102.703 10.8322 0.2278 0.7337 0.779 0.2147 0.5891
36.2295 145.927 4.8791 0.2278 0.6749 0.5666 0.1092 0.8167
13.3239 145.429 20.1535 0.2769 0.6749 0.5666 0.1092 0.8167
35.9237 51.5827 34.8605 0.2769 0.7892 0.322 0.1313 0.9376
20.0325 107.457 35.0183 0.2769 0.7337 0.1256 0.3192 0.9393
-10.9643 107.901 38.8665 0.3181 0.7337 0.1256 0.3192 0.9393
1.3939 55.5279 49.3002 0.3181 0.7892 -0.4538 0.0869 0.8869
-10.9643 107.901 38.8665 0.3181 0.7337 -0.5861 0.3352 0.7376
-35.6107 103.776 20.1226 0.36 0.7337 -0.5861 0.3352 0.7376
-33.1359 59.4731 34.8605 0.0081 0.7892 -0.9387 0.0976 0.3307
-35.6107 103.776 20.1226 0.0081 0.7337 -0.9681 0.2303 0.0988
-39.4694 97.4969 -10.2335 0.0436 0.7337 -0.9681 0.2303 0.0988
-47.4386 61.1072 -0 0.0436 0.7892 -0.8666 0.2594 -0.4263
-39.4694 97.4969 -10.2335 0.0436 0.7337 -0.7938 0.0944 -0.6008
-20.2799 92.7442 -34.4195 0.0779 0.7337 -0.7938 0.0944 -0.6008
-33.1359 59.4734 -34.8605 0.0779 0.7892 -0.2882 0.3014 -0.9089
-20.2799 92.7442 -34.4195 0.0779 0.7337 -0.1129 0.0015 -0.9936
10.7168 92.2986 -38.2677 0.1219 0.7337 -0.1129 0.0015 -0.9936
1.3939 55.5279 -49.3002 0.1219 0.7892 0.4456 0.1964 -0.8734
10.7168 92.2986 -38.2677 0.1219 0.7337 0.6014 -0.0106 -0.7989
35.3633 96.4242 -19.5238 0.1809 0.7337 0.6014 -0.0106 -0.7989
35.9237 51.5827 -34.8605 0.1809 0.7892 0.9466 0.1113 -0.3025
35.3633 96.4242 -19.5238 0.1809 0.7337 0.9907 0.0731 -0.115
39.222 102.703 10.8322 0.2278 0.7337 0.9907 0.0731 -0.115
50.2264 49.9485 -0 0.2278 0.7892 0.9098 0.1019 0.4023
39.222 102.703 10.8322 0.2278 0.7337 0.779 0.2147 0.5891
20.0325 107.457 35.0183 0.2769 0.7337 0.779 0.2147 0.5891
54.5542 152.969 -18.2778 0.1809 0.651 0.6998 -0.3571 -0.6187
42.2993 135.564 -22.3067 0.1809 0.6749 0.6927 -0.3013 -0.6553
26.8033 145.719 -45.4789 0.1219 0.6749 0.7003 -0.2116 -0.6818
49.978 164.956 0.3224 0.2087 0.6306 0.6882 -0.3035 0.6589
36.2295 145.927 4.8791 0.2278 0.6749 0.848 -0.2275 0.4787
42.2993 135.564 -22.3067 0.1809 0.6749 0.9203 -0.2987 0.2527
-8.1578 270.965 19.1678 0.3597 0.468 -0.6996 -0.4679 0.54
1.3514 246.452 9.3709 0.3597 0.4977 -0.7117 -0.3981 0.5788
13.8081 235.099 21.5085 0.3265 0.4977 -0.7117 -0.3981 0.5788
-4.0272 276.784 7.3815 0.187 0.468 -0.8641 -0.3647 -0.3469
4.7861 259.677 -17.7807 0.187 0.4977 -0.9437 -0.1853 -0.274
1.3514 246.452 9.3709 0.1539 0.4977 -0.9437 -0.1853 -0.274
23.516 267.126 24.8698 0.292 0.468 0.8632 0.4244 0.2734
31.7964 240.743 17.9053 0.292 0.4977 0.901 0.3321 0.2792
39.4733 250.915 -7.3421 0.2557 0.4977 0.901 0.3321 0.2792
8.5485 262.192 29.0493 0.3265 0.468 0.2146 -0.1491 0.9653
13.8081 235.099 21.5085 0.3265 0.4977 0.2815 -0.1842 0.9417
31.7964 240.743 17.9053 0.292 0.4977 0.2815 -0.1842 0.9417
11.3387 258 -53.479 0.3597 0.4138 -0.9521 0.2953 -0.0793
3.1454 242.794 -42.6887 0.3597 0.4376 -0.9013 0.3923 -0.1839
4.7861 259.677 -17.7807 0.3265 0.4376 -0.9013 0.3923 -0.1839
26.239 247.242 -53.4487 0.187 0.4138 -0.3223 -0.5508 -0.7699
26.8476 232.273 -46.1212 0.187 0.4376 -0.3118 -0.4303 -0.8471
3.1454 242.794 -42.6887 0.1539 0.4376 -0.3118 -0.4303 -0.8471
42.4999 253.842 -39.1296 0.2212 0.4138 0.7023 -0.4248 -0.5713
44.6414 240.881 -29.263 0.2212 0.4376 0.7136 -0.315 -0.6258
26.8476 232.273 -46.1212 0.187 0.4376 0.7136 -0.315 -0.6258
43.8715 267.03 -38.0411 0.2557 0.4138 0.9992 0.0285 -0.0275
39.4733 250.915 -7.3421 0.2557 0.4376 0.993 0.0629 0.1003
44.6414 240.881 -29.263 0.2212 0.4376 0.993 0.0629 0.1003
9.0828 281.451 2.2752 0.2212 0.468 0.6883 0.6345 -0.3516
21.6363 274.352 10.7186 0.2557 0.468 0.6883 0.6345 -0.3516
39.4733 250.915 -7.3421 0.2557 0.4977 0.621 0.7175 -0.3157
18.2845 266.671 -13.3326 0.292 0.4376 0.4698 0.7295 0.4971
39.4733 250.915 -7.3421 0.2557 0.4376 0.4698 0.7295 0.4971
43.8715 267.03 -38.0411 0.2557 0.4138 0.4665 0.734 0.4936
-4.0272 276.784 7.3815 0.187 0.468 -0.2436 0.3693 -0.8968
9.0828 281.451 2.2752 0.2212 0.468 -0.2436 0.3693 -0.8968
18.2845 266.671 -13.3326 0.2212 0.4977 -0.3128 0.6762 -0.6671
4.7861 259.677 -17.7807 0.3265 0.4376 -0.4322 0.8806 0.1944
18.2845 266.671 -13.3326 0.292 0.4376 -0.4322 0.8806 0.1944
30.0509 275.901 -35.1001 0.292 0.4138 -0.5044 0.7948 0.3374
15.537 273.828 -74.2136 0.3597 0.381 -0.9679 0.174 -0.1811
11.3387 258 -53.479 0.3597 0.4138 -0.9521 0.2953 -0.0793
16.0738 272.202 -43.3062 0.3265 0.4138 -0.9521 0.2953 -0.0793
29.1363 268.998 -72.7798 0.187 0.381 -0.187 -0.8731 -0.4503
26.239 247.242 -53.4487 0.187 0.4138 -0.3223 -0.5508 -0.7699
11.3387 258 -53.479 0.1539 0.4138 -0.3223 -0.5508 -0.7699
39.6265 276.071 -65.4844 0.2212 0.381 0.762 -0.6058 -0.2288
42.4999 253.842 -39.1296 0.2212 0.4138 0.7023 -0.4248 -0.5713
26.239 247.242 -53.4487 0.187 0.4138 0.7023 -0.4248 -0.5713
38.9312 289.069 -63.3401 0.2557 0.381 0.991 0.1311 0.0255
43.8715 267.03 -38.0411 0.2557 0.4138 0.9992 0.0285 -0.0275
42.4999 253.842 -39.1296 0.2212 0.4138 0.9992 0.0285 -0.0275
26.6531 293.7 -61.9612 0.292 0.381 0.3489 0.8757 0.3338
30.0509 275.901 -35.1001 0.292 0.4138 0.4665 0.734 0.4936
43.8715 267.03 -38.0411 0.2557 0.4138 0.4665 0.734 0.4936
16.6825 287.394 -67.7666 0.3265 0.381 -0.6762 0.7168 0.1701
16.0738 272.202 -43.3062 0.3265 0.4138 -0.5044 0.7948 0.3374
30.0509 275.901 -35.1001 0.292 0.4138 -0.5044 0.7948 0.3374
-25.68 297.623 20.1395 0.3597 0.4376 -0.7494 -0.6178 0.2382
-8.1578 270.965 19.1678 0.3597 0.468 -0.6996 -0.4679 0.54
8.5485 262.192 29.0493 0.3265 0.468 -0.6996 -0.4679 0.54
-18.6101 295.676 6.2067 0.187 0.4376 -0.6124 -0.7077 -0.3523
-4.0272 276.784 7.3815 0.187 0.468 -0.8641 -0.3647 -0.3469
-8.1578 270.965 19.1678 0.1539 0.468 -0.8641 -0.3647 -0.3469
2.1943 293.514 33.5981 0.292 0.4376 0.8792 0.3585 0.3139
23.516 267.126 24.8698 0.292 0.468 0.8632 0.4244 0.2734
21.6363 274.352 10.7186 0.2557 0.468 0.8632 0.4244 0.2734
-13.3 290.446 33.0366 0.3265 0.4376 0.0954 -0.7043 0.7034
8.5485 262.192 29.0493 0.3265 0.468 0.2146 -0.1491 0.9653
23.516 267.126 24.8698 0.292 0.468 0.2146 -0.1491 0.9653
1.2797 304.902 20.339 0.2557 0.4376 0.7792 0.5561 -0.2893
21.6363 274.352 10.7186 0.2557 0.468 0.6883 0.6345 -0.3516
9.0828 281.451 2.2752 0.2212 0.468 0.6883 0.6345 -0.3516
1.5814 299.112 6.747 0.2212 0.4376 0.0843 -0.3924 -0.9159
9.0828 281.451 2.2752 0.2212 0.468 -0.2436 0.3693 -0.8968
-4.0272 276.784 7.3815 0.187 0.468 -0.2436 0.3693 -0.8968
30.3748 274.661 -105.481 0.3597 0.3409 -0.9567 -0.0649 -0.2838
15.537 273.828 -74.2136 0.3597 0.381 -0.9679 0.174 -0.1811
16.6825 287.394 -67.7666 0.3265 0.381 -0.9679 0.174 -0.1811
43.9559 277.522 -99.7543 0.187 0.3409 0.0735 -0.9417 -0.3284
29.1363 268.998 -72.7798 0.187 0.381 -0.187 -0.8731 -0.4503
15.537 273.828 -74.2136 0.1539 0.381 -0.187 -0.8731 -0.4503
46.758 287.866 -97.8812 0.2212 0.3409 0.9007 -0.4324 0.0415
39.6265 276.071 -65.4844 0.2212 0.381 0.762 -0.6058 -0.2288
29.1363 268.998 -72.7798 0.187 0.381 0.762 -0.6058 -0.2288
41.4122 296.694 -100.108 0.2557 0.3409 0.8206 0.509 0.2598
38.9312 289.069 -63.3401 0.2557 0.381 0.991 0.1311 0.0255
39.6265 276.071 -65.4844 0.2212 0.381 0.991 0.1311 0.0255
31.4633 296.518 -98.413 0.292 0.3409 0.1666 0.9515 0.2586
26.6531 293.7 -61.9612 0.292 0.381 0.3489 0.8757 0.3338
38.9312 289.069 -63.3401 0.2557 0.381 0.3489 0.8757 0.3338
28.4003 287.362 -99.7003 0.3265 0.3409 -0.8876 0.4589 0.0402
16.6825 287.394 -67.7666 0.3265 0.381 -0.6762 0.7168 0.1701
26.6531 293.7 -61.9612 0.292 0.381 -0.6762 0.7168 0.1701
32.4617 289.622 -125.992 0.3597 0.316 -0.8159 -0.576 -0.0505
30.3748 274.661 -105.481 0.3597 0.3409 -0.9567 -0.0649 -0.2838
28.4003 287.362 -99.7003 0.3265 0.3409 -0.9567 -0.0649 -0.2838
46.5527 285.925 -120.218 0.187 0.316 0.0015 -0.9981 -0.0621
43.9559 277.522 -99.7543 0.187 0.3409 0.0735 -0.9417 -0.3284
30.3748 274.661 -105.481 0.1539 0.3409 0.0735 -0.9417 -0.3284
48.3125 296.866 -115.366 0.2212 0.316 0.9527 -0.2013 0.2278
46.758 287.866 -97.8812 0.2212 0.3409 0.9007 -0.4324 0.0415
43.9559 277.522 -99.7543 0.187 0.3409 0.9007 -0.4324 0.0415
39.0788 304.823 -122.596 0.2557 0.316 0.6664 0.7358 0.1204
41.4122 296.694 -100.108 0.2557 0.3409 0.8206 0.509 0.2598
46.758 287.866 -97.8812 0.2212 0.3409 0.8206 0.509 0.2598
28.7956 302.419 -110.935 0.292 0.316 0.2038 0.8778 0.4336
31.4633 296.518 -98.413 0.292 0.3409 0.1666 0.9515 0.2586
41.4122 296.694 -100.108 0.2557 0.3409 0.1666 0.9515 0.2586
26.8587 292.425 -114.637 0.3265 0.316 -0.824 0.0509 0.5643
28.4003 287.362 -99.7003 0.3265 0.3409 -0.8876 0.4589 0.0402
31.4633 296.518 -98.413 0.292 0.3409 -0.8876 0.4589 0.0402
56.5455 280.059 -139.027 0.3872 0.2705 -0.0124 -0.9167 0.3994
46.5527 285.925 -120.218 0.3872 0.3023 0.0015 -0.9981 -0.0621
32.4617 289.622 -125.992 0.3702 0.3023 0.0015 -0.9981 -0.0621
56.3634 287.492 -139.454 0.4034 0.2705 0.7799 -0.0686 0.6222
48.3125 296.866 -115.366 0.4034 0.3023 0.9527 -0.2013 0.2278
46.5527 285.925 -120.218 0.3872 0.3023 0.9527 -0.2013 0.2278
51.5331 291.734 -142.758 0.4195 0.2705 0.6281 0.7673 0.1293
39.0788 304.823 -122.596 0.4195 0.3023 0.6664 0.7358 0.1204
48.3125 296.866 -115.366 0.4034 0.3023 0.6664 0.7358 0.1204
8.9262 303.724 -133.167 0.4564 0.3797 -0.3048 -0.9192 0.2491
32.4617 289.622 -125.992 0.4564 0.4043 -0.8159 -0.576 -0.0505
26.8587 292.425 -114.637 0.4392 0.4043 -0.8159 -0.576 -0.0505
9.8559 315.793 -123.597 0.4195 0.3797 0.1231 0.8604 0.4945
28.7956 302.419 -110.935 0.4195 0.4043 0.2038 0.8778 0.4336
39.0788 304.823 -122.596 0.4034 0.4043 0.2038 0.8778 0.4336
7.1477 308.078 -125.209 0.4392 0.3797 -0.2799 -0.1865 0.9417
26.8587 292.425 -114.637 0.4392 0.4043 -0.824 0.0509 0.5643
28.7956 302.419 -110.935 0.4195 0.4043 -0.824 0.0509 0.5643
-30.0059 307.986 62.9477 0.3872 0.5451 -0.8303 -0.4928 0.2603
-25.68 297.623 20.1395 0.3872 0.5861 -0.7494 -0.6178 0.2382
-13.3 290.446 33.0366 0.3702 0.5861 -0.7494 -0.6178 0.2382
-12.7637 294.07 62.6289 0.4392 0.5451 0.9914 -0.0717 0.1099
2.1943 293.514 33.5981 0.4391 0.5861 0.8792 0.3585 0.3139
1.2797 304.902 20.339 0.4195 0.5861 0.8792 0.3585 0.3139
-27.0159 296.696 60.3814 0.4564 0.5451 -0.0738 -0.9341 0.3492
-13.3 290.446 33.0366 0.4564 0.5861 0.0954 -0.7043 0.7034
2.1943 293.514 33.5981 0.4391 0.5861 0.0954 -0.7043 0.7034
-21.9495 306.112 -11.4176 0.4564 0.7371 -0.2995 -0.9276 -0.2232
-18.6101 295.676 6.2067 0.4564 0.7695 -0.6124 -0.7077 -0.3523
-25.68 297.623 20.1395 0.4391 0.7695 -0.6124 -0.7077 -0.3523
-20.5507 326.303 -6.1088 0.4034 0.7371 0.3908 0.7433 -0.5429
1.2797 304.902 20.339 0.4034 0.7695 0.7792 0.5561 -0.2893
1.5814 299.112 6.747 0.3872 0.7695 0.7792 0.5561 -0.2893
-15.6172 316.743 -15.541 0.3872 0.7371 0.0425 -0.5792 -0.814
1.5814 299.112 6.747 0.3872 0.7695 0.0843 -0.3924 -0.9159
-18.6101 295.676 6.2067 0.3702 0.7695 0.0843 -0.3924 -0.9159
33.5506 298.166 -130.668 0.4392 0.3023 0.1778 0.6636 -0.7266
39.0788 304.823 -122.596 0.4195 0.3023 0.1778 0.6636 -0.7266
51.5331 291.734 -142.758 0.4195 0.2705 -0.2198 0.6814 -0.6981
17.5021 310.653 -135.005 0.3872 0.3797 0.2924 0.6551 -0.6966
17.2347 317.477 -128.601 0.4034 0.3797 0.2924 0.6551 -0.6966
39.0788 304.823 -122.596 0.4034 0.4043 0.1778 0.6636 -0.7266
-19.7767 315.69 59.793 0.4034 0.5451 0.4606 0.8416 -0.2821
-10.077 307.595 57.6529 0.4195 0.5451 0.4606 0.8416 -0.2821
1.2797 304.902 20.339 0.4195 0.5861 0.3157 0.9218 0.2249
-15.975 310.897 24.4532 0.4195 0.7695 0.3157 0.9218 0.2249
1.2797 304.902 20.339 0.4034 0.7695 0.3157 0.9218 0.2249
-20.5507 326.303 -6.1088 0.4034 0.7371 0.0875 0.847 0.5243
8.9262 303.724 -133.167 0.3702 0.3797 -0.0178 -0.3237 -0.946
17.5021 310.653 -135.005 0.3872 0.3797 -0.0178 -0.3237 -0.946
33.5506 298.166 -130.668 0.3872 0.4043 -0.4806 -0.4538 -0.7504
32.4617 289.622 -125.992 0.4564 0.3023 -0.4806 -0.4538 -0.7504
33.5506 298.166 -130.668 0.4392 0.3023 -0.4806 -0.4538 -0.7504
44.2299 283.996 -146.15 0.4392 0.2705 -0.6846 -0.5172 -0.5137
-30.0059 307.986 62.9477 0.3872 0.5451 -0.6723 0.729 -0.1288
-19.7767 315.69 59.793 0.4034 0.5451 -0.6723 0.729 -0.1288
-15.975 310.897 24.4532 0.4034 0.5861 -0.8939 0.4227 0.1493
-25.68 297.623 20.1395 0.4391 0.7695 -0.8939 0.4227 0.1493
-15.975 310.897 24.4532 0.4195 0.7695 -0.8939 0.4227 0.1493
-30.7596 316.056 7.9128 0.4195 0.7371 -0.4129 -0.3886 0.8237
-13.5189 323.157 94.5457 0.3872 0.5077 -0.5301 -0.214 0.8205
-30.0059 307.986 62.9477 0.3872 0.5451 -0.8303 -0.4928 0.2603
-27.0159 296.696 60.3814 0.3702 0.5451 -0.8303 -0.4928 0.2603
-6.123 307.738 82.1574 0.4392 0.5077 0.8519 -0.4321 -0.2959
-12.7637 294.07 62.6289 0.4392 0.5451 0.9914 -0.0717 0.1099
-10.077 307.595 57.6529 0.4195 0.5451 0.9914 -0.0717 0.1099
-13.0829 313.825 91.6501 0.4564 0.5077 0.0589 -0.7563 0.6515
-27.0159 296.696 60.3814 0.4564 0.5451 -0.0738 -0.9341 0.3492
-12.7637 294.07 62.6289 0.4392 0.5451 -0.0738 -0.9341 0.3492
-1.2635 319.444 78.9596 0.4195 0.5077 0.1656 0.5902 -0.7901
-10.077 307.595 57.6529 0.4195 0.5451 0.4606 0.8416 -0.2821
-19.7767 315.69 59.793 0.4034 0.5451 0.4606 0.8416 -0.2821
-8.926 326.738 83.9959 0.4034 0.5077 -0.6545 0.7522 -0.0769
-19.7767 315.69 59.793 0.4034 0.5451 -0.6723 0.729 -0.1288
-30.0059 307.986 62.9477 0.3872 0.5451 -0.6723 0.729 -0.1288
108.06 232.444 -33.689 0.3872 0.8657 -0.5541 -0.2373 -0.7979
95.7969 231.708 -22.9726 0.3872 0.8914 -0.4842 -0.1031 -0.8689
89.2445 246.434 -20.9538 0.4034 0.8914 -0.4842 -0.1031 -0.8689
114.371 229.818 -25.7049 0.3702 0.8657 -0.2708 -0.9607 -0.0611
104.958 228.078 -13.0163 0.3702 0.8914 0.1971 -0.8483 -0.4915
95.7969 231.708 -22.9726 0.3872 0.8914 0.1971 -0.8483 -0.4915
118.007 236.775 -21.1012 0.4391 0.8657 0.4407 -0.555 0.7055
106.466 239.511 -4.2141 0.4391 0.8914 0.7486 -0.5404 0.3842
104.958 228.078 -13.0163 0.4564 0.8914 0.7486 -0.5404 0.3842
104.549 251.908 -15.4179 0.4195 0.8793 0.718 0.5254 0.4565
106.466 239.511 -4.2141 0.4391 0.8914 0.6934 0.3644 0.6216
118.007 236.775 -21.1012 0.4391 0.8657 0.6889 0.5527 0.469
89.2445 246.434 -20.9538 0.4034 0.8914 -0.4334 0.8163 -0.382
104.549 251.908 -15.4179 0.4195 0.8793 -0.1925 0.8875 -0.4187
113.833 248.279 -27.5085 0.4195 0.8657 -0.0848 0.7706 -0.6316
96.3014 247.315 1.3987 0.4267 0.9009 0.6466 0.28 0.7096
106.466 239.511 -4.2141 0.4391 0.8914 0.6934 0.3644 0.6216
104.549 251.908 -15.4179 0.4195 0.8793 0.718 0.5254 0.4565
89.2445 246.434 -20.9538 0.4034 0.8914 -0.4334 0.8163 -0.382
87.1404 250.945 -8.5576 0.4147 0.9009 -0.5523 0.7687 -0.3225
104.549 251.908 -15.4179 0.4195 0.8793 -0.1925 0.8875 -0.4187
87.1404 250.945 -8.5576 0.4147 0.9009 -0.2232 0.8008 0.5558
96.3014 247.315 1.3987 0.4267 0.9009 -0.2232 0.8008 0.5558
104.549 251.908 -15.4179 0.4195 0.8793 0.0619 0.9547 0.2911
-11.7516 304.802 -132.23 0.4564 0.3474 -0.1355 -0.9096 0.3929
8.9262 303.724 -133.167 0.4564 0.3797 -0.3048 -0.9192 0.2491
7.1477 308.078 -125.209 0.4392 0.3797 -0.3048 -0.9192 0.2491
-11.1995 313.132 -123.204 0.4195 0.3474 -0.1972 0.8709 0.4501
9.8559 315.793 -123.597 0.4195 0.3797 0.1231 0.8604 0.4945
17.2347 317.477 -128.601 0.4034 0.3797 0.1231 0.8604 0.4945
-10.6909 306.829 -125.229 0.4392 0.3474 -0.2562 -0.2163 0.9421
7.1477 308.078 -125.209 0.4392 0.3797 -0.2799 -0.1865 0.9417
9.8559 315.793 -123.597 0.4195 0.3797 -0.2799 -0.1865 0.9417
-9.9693 317.539 -128.802 0.4034 0.3474 0.126 0.7214 -0.6809
17.2347 317.477 -128.601 0.4034 0.3797 0.2924 0.6551 -0.6966
17.5021 310.653 -135.005 0.3872 0.3797 0.2924 0.6551 -0.6966
-10.2899 313.187 -134.852 0.3872 0.3474 0.1488 -0.3413 -0.9281
17.5021 310.653 -135.005 0.3872 0.3797 -0.0178 -0.3237 -0.946
8.9262 303.724 -133.167 0.3702 0.3797 -0.0178 -0.3237 -0.946
-25.9052 306.29 -137.604 0.4564 0.3235 -0.5497 -0.7619 0.3424
-11.7516 304.802 -132.23 0.4564 0.3474 -0.1355 -0.9096 0.3929
-10.6909 306.829 -125.229 0.4392 0.3474 -0.1355 -0.9096 0.3929
-29.0744 313.105 -135.591 0.4195 0.3235 -0.2333 0.9519 0.1985
-11.1995 313.132 -123.204 0.4195 0.3474 -0.1972 0.8709 0.4501
-9.9693 317.539 -128.802 0.4034 0.3474 -0.1972 0.8709 0.4501
-28.4706 309.017 -134.827 0.4392 0.3235 -0.7858 0.0373 0.6173
-10.6909 306.829 -125.229 0.4392 0.3474 -0.2562 -0.2163 0.9421
-11.1995 313.132 -123.204 0.4195 0.3474 -0.2562 -0.2163 0.9421
-25.6143 314.691 -138.129 0.4034 0.3235 0.5754 0.5555 -0.6003
-9.9693 317.539 -128.802 0.4034 0.3474 0.126 0.7214 -0.6809
-10.2899 313.187 -134.852 0.3872 0.3474 0.126 0.7214 -0.6809
-23.363 310.856 -139.714 0.3872 0.3235 0.4611 -0.6342 -0.6206
-10.2899 313.187 -134.852 0.3872 0.3474 0.1488 -0.3413 -0.9281
-11.7516 304.802 -132.23 0.3702 0.3474 0.1488 -0.3413 -0.9281
-35.0682 308.742 -154.178 0.4564 0.3023 -0.77 -0.5778 0.2707
-25.9052 306.29 -137.604 0.4564 0.3235 -0.5497 -0.7619 0.3424
-28.4706 309.017 -134.827 0.4392 0.3235 -0.5497 -0.7619 0.3424
-33.9435 313.183 -154.637 0.4195 0.3023 -0.1051 0.9937 -0.0377
-29.0744 313.105 -135.591 0.4195 0.3235 -0.2333 0.9519 0.1985
-25.6143 314.691 -138.129 0.4034 0.3235 -0.2333 0.9519 0.1985
-35.4039 311.429 -153.651 0.4392 0.3023 -0.9256 0.2265 0.3034
-28.4706 309.017 -134.827 0.4392 0.3235 -0.7858 0.0373 0.6173
-29.0744 313.105 -135.591 0.4195 0.3235 -0.7858 0.0373 0.6173
-31.547 312.096 -155.272 0.4034 0.3023 0.8456 0.3314 -0.4184
-25.6143 314.691 -138.129 0.4034 0.3235 0.5754 0.5555 -0.6003
-23.363 310.856 -139.714 0.3872 0.3235 0.5754 0.5555 -0.6003
-31.928 309.332 -155.133 0.3872 0.3023 0.5362 -0.7812 -0.3198
-23.363 310.856 -139.714 0.3872 0.3235 0.4611 -0.6342 -0.6206
-25.9052 306.29 -137.604 0.3702 0.3235 0.4611 -0.6342 -0.6206
-33.9435 313.183 -154.637 0.1017 0.8577 -0.3557 -0.0007 -0.9346
-31.547 312.096 -155.272 0.1057 0.8597 -0.3557 -0.0007 -0.9346
-31.928 309.332 -155.133 0.106 0.8644 -0.3557 -0.0007 -0.9346
-35.0682 308.742 -154.178 0.0962 0.8644 -0.3557 -0.0007 -0.9346
-35.4039 311.429 -153.651 0.0985 0.8597 -0.3557 -0.0007 -0.9346
-31.928 309.332 -155.133 0.106 0.8644 -0.3557 -0.0007 -0.9346
68.276 276.849 -148.549 0.3872 0.2495 0.1665 -0.884 0.4368
56.5455 280.059 -139.027 0.3872 0.2705 -0.0124 -0.9167 0.3994
49.0924 276.623 -142.571 0.3702 0.2705 -0.0124 -0.9167 0.3994
68.3347 282.128 -148.799 0.4034 0.2495 0.4131 0.094 0.9058
56.3634 287.492 -139.454 0.4034 0.2705 0.7799 -0.0686 0.6222
56.5455 280.059 -139.027 0.3872 0.2705 0.7799 -0.0686 0.6222
67.0325 285.184 -152.707 0.4195 0.2495 0.2967 0.7911 0.5349
51.5331 291.734 -142.758 0.4195 0.2705 0.6281 0.7673 0.1293
56.3634 287.492 -139.454 0.4034 0.2705 0.6281 0.7673 0.1293
64.4151 279.748 -157.847 0.4392 0.2495 -0.2543 0.6975 -0.6699
44.2299 283.996 -146.15 0.4392 0.2705 -0.2198 0.6814 -0.6981
51.5331 291.734 -142.758 0.4195 0.2705 -0.2198 0.6814 -0.6981
65.6259 274.467 -153.798 0.4564 0.2495 -0.3238 -0.6216 -0.7133
49.0924 276.623 -142.571 0.4564 0.2705 -0.6846 -0.5172 -0.5137
44.2299 283.996 -146.15 0.4392 0.2705 -0.6846 -0.5172 -0.5137
82.8696 279.673 -150.925 0.3872 0.2293 -0.0293 -0.9241 0.3811
68.276 276.849 -148.549 0.3872 0.2495 0.1665 -0.884 0.4368
65.6259 274.467 -153.798 0.3702 0.2495 0.1665 -0.884 0.4368
82.5002 284.377 -151.994 0.4034 0.2293 0.1626 0.1827 0.9696
68.3347 282.128 -148.799 0.4034 0.2495 0.4131 0.094 0.9058
68.276 276.849 -148.549 0.3872 0.2495 0.4131 0.094 0.9058
83.0551 288.438 -155.415 0.4195 0.2293 0.0113 0.4961 0.8682
67.0325 285.184 -152.707 0.4195 0.2495 0.2967 0.7911 0.5349
68.3347 282.128 -148.799 0.4034 0.2495 0.2967 0.7911 0.5349
82.4205 282.233 -162.924 0.4392 0.2293 0.0953 0.8546 -0.5105
64.4151 279.748 -157.847 0.4392 0.2495 -0.2543 0.6975 -0.6699
67.0325 285.184 -152.707 0.4195 0.2495 -0.2543 0.6975 -0.6699
82.0974 275.243 -157.548 0.4564 0.2293 -0.0176 -0.507 -0.8618
65.6259 274.467 -153.798 0.4564 0.2495 -0.3238 -0.6216 -0.7133
64.4151 279.748 -157.847 0.4392 0.2495 -0.3238 -0.6216 -0.7133
98.6273 272.648 -151.851 0.396 0.2086 -0.0018 -0.9997 -0.0257
82.8696 279.673 -150.925 0.3872 0.2293 -0.0293 -0.9241 0.3811
82.0974 275.243 -157.548 0.3702 0.2293 -0.0293 -0.9241 0.3811
98.6273 272.648 -151.851 0.396 0.2086 0.1592 0.2307 0.9599
82.5002 284.377 -151.994 0.4034 0.2293 0.1626 0.1827 0.9696
82.8696 279.673 -150.925 0.3872 0.2293 0.1626 0.1827 0.9696
97.2421 279.085 -150.959 0.4195 0.2086 0.0948 -0.1006 0.9904
83.0551 288.438 -155.415 0.4195 0.2293 0.0113 0.4961 0.8682
82.5002 284.377 -151.994 0.4034 0.2293 0.0113 0.4961 0.8682
99.686 278.99 -157.072 0.4392 0.2086 0.1669 0.9853 -0.0359
82.4205 282.233 -162.924 0.4392 0.2293 0.0953 0.8546 -0.5105
83.0551 288.438 -155.415 0.4195 0.2293 0.0953 0.8546 -0.5105
100.388 273.08 -156.937 0.4564 0.2086 0.0109 -0.0552 -0.9984
82.0974 275.243 -157.548 0.4564 0.2293 -0.0176 -0.507 -0.8618
82.4205 282.233 -162.924 0.4392 0.2293 -0.0176 -0.507 -0.8618
116.248 276.792 -155.508 0.396 0.1899 0.047 -0.7656 -0.6417
98.6273 272.648 -151.851 0.396 0.2086 -0.0018 -0.9997 -0.0257
100.388 273.08 -156.937 0.3702 0.2086 -0.0018 -0.9997 -0.0257
115.705 279.797 -151.549 0.4195 0.1899 0.4425 -0.6479 0.62
97.2421 279.085 -150.959 0.4195 0.2086 0.0948 -0.1006 0.9904
98.6273 272.648 -151.851 0.396 0.2086 0.0948 -0.1006 0.9904
114.656 282.815 -155.337 0.4392 0.1899 0.0163 0.8267 0.5625
99.686 278.99 -157.072 0.4392 0.2086 0.1669 0.9853 -0.0359
97.2421 279.085 -150.959 0.4195 0.2086 0.1669 0.9853 -0.0359
115.201 279.525 -158.327 0.4564 0.1899 -0.3933 0.5488 -0.7377
100.388 273.08 -156.937 0.4564 0.2086 0.0109 -0.0552 -0.9984
99.686 278.99 -157.072 0.4392 0.2086 0.0109 -0.0552 -0.9984
128.005 286.321 -164.779 0.396 0.1705 -0.1562 -0.5093 -0.8463
116.248 276.792 -155.508 0.396 0.1899 0.047 -0.7656 -0.6417
115.201 279.525 -158.327 0.3702 0.1899 0.047 -0.7656 -0.6417
116.248 276.792 -155.508 0.396 0.1899 0.4425 -0.6479 0.62
128.005 286.321 -164.779 0.396 0.1705 0.6337 -0.7404 0.2241
129.533 286.431 -161.229 0.4196 0.1705 0.6337 -0.7404 0.2241
129.507 290.128 -162.235 0.4391 0.1705 0.1691 0.5904 0.7892
114.656 282.815 -155.337 0.4392 0.1899 0.0163 0.8267 0.5625
115.705 279.797 -151.549 0.4195 0.1899 0.0163 0.8267 0.5625
128.018 289.423 -165.282 0.4564 0.1705 -0.6167 0.6974 -0.3651
115.201 279.525 -158.327 0.4564 0.1899 -0.3933 0.5488 -0.7377
114.656 282.815 -155.337 0.4392 0.1899 -0.3933 0.5488 -0.7377
128.005 286.321 -164.779 0.1182 0.8292 0.91 -0.0881 -0.4052
128.018 289.423 -165.282 0.1285 0.8296 0.91 -0.0881 -0.4052
129.507 290.128 -162.235 0.1291 0.8375 0.91 -0.0881 -0.4052
127.251 222.603 -39.6259 0.3872 0.8472 -0.6538 -0.1086 -0.7489
108.06 232.444 -33.689 0.3872 0.8657 -0.5541 -0.2373 -0.7979
106.236 241.765 -34.6165 0.4034 0.8657 -0.5541 -0.2373 -0.7979
131.966 222.134 -32.5794 0.3702 0.8472 -0.4867 -0.8725 -0.0423
114.371 229.818 -25.7049 0.3702 0.8657 -0.2708 -0.9607 -0.0611
108.06 232.444 -33.689 0.3872 0.8657 -0.2708 -0.9607 -0.0611
135.645 228.245 -30.7957 0.4391 0.8472 0.28 -0.6897 0.6677
118.007 236.775 -21.1012 0.4391 0.8657 0.4407 -0.555 0.7055
114.371 229.818 -25.7049 0.4564 0.8657 0.4407 -0.555 0.7055
133.64 235.606 -38.9409 0.4195 0.8472 0.76 0.4087 0.5053
113.833 248.279 -27.5085 0.4195 0.8657 0.6889 0.5527 0.469
118.007 236.775 -21.1012 0.4391 0.8657 0.6889 0.5527 0.469
126.854 229.565 -42.9165 0.4034 0.8472 -0.0172 0.8264 -0.5628
106.236 241.765 -34.6165 0.4034 0.8657 -0.0848 0.7706 -0.6316
113.833 248.279 -27.5085 0.4195 0.8657 -0.0848 0.7706 -0.6316
138.634 223.742 -59.4259 0.3872 0.8249 -0.5076 0.3928 -0.7668
127.251 222.603 -39.6259 0.3872 0.8472 -0.6538 -0.1086 -0.7489
126.854 229.565 -42.9165 0.4034 0.8472 -0.6538 -0.1086 -0.7489
139.905 217.355 -54.8735 0.3702 0.8249 -0.4226 -0.6874 -0.5906
131.966 222.134 -32.5794 0.3702 0.8472 -0.4867 -0.8725 -0.0423
127.251 222.603 -39.6259 0.3872 0.8472 -0.4867 -0.8725 -0.0423
143.206 218.526 -48.9519 0.4391 0.8249 0.2267 -0.9539 0.1966
135.645 228.245 -30.7957 0.4391 0.8472 0.28 -0.6897 0.6677
131.966 222.134 -32.5794 0.4564 0.8472 0.28 -0.6897 0.6677
145.611 228.687 -48.8879 0.4195 0.8249 0.6649 -0.0692 0.7437
133.64 235.606 -38.9409 0.4195 0.8472 0.76 0.4087 0.5053
135.645 228.245 -30.7957 0.4391 0.8472 0.76 0.4087 0.5053
140.518 230.071 -56.5196 0.4034 0.8249 0.1038 0.9942 -0.0278
126.854 229.565 -42.9165 0.4034 0.8472 -0.0172 0.8264 -0.5628
133.64 235.606 -38.9409 0.4195 0.8472 -0.0172 0.8264 -0.5628
160.119 225.02 -63.3084 0.3872 0.8022 0.1088 0.6873 -0.7182
138.634 223.742 -59.4259 0.3872 0.8249 -0.5076 0.3928 -0.7668
140.518 230.071 -56.5196 0.4034 0.8249 -0.5076 0.3928 -0.7668
158.418 220.25 -62.2518 0.3702 0.8022 -0.1629 -0.2991 -0.9402
139.905 217.355 -54.8735 0.3702 0.8249 -0.4226 -0.6874 -0.5906
138.634 223.742 -59.4259 0.3872 0.8249 -0.4226 -0.6874 -0.5906
159.387 218.707 -58.16 0.4391 0.8022 -0.2131 -0.9629 -0.1657
143.206 218.526 -48.9519 0.4391 0.8249 0.2267 -0.9539 0.1966
139.905 217.355 -54.8735 0.4564 0.8249 0.2267 -0.9539 0.1966
163.151 223.502 -55.1486 0.4195 0.8022 0.0546 -0.3888 0.9197
145.611 228.687 -48.8879 0.4195 0.8249 0.6649 -0.0692 0.7437
143.206 218.526 -48.9519 0.4391 0.8249 0.6649 -0.0692 0.7437
162.104 227.311 -59.7201 0.4034 0.8022 0.33 0.8506 0.4093
140.518 230.071 -56.5196 0.4034 0.8249 0.1038 0.9942 -0.0278
145.611 228.687 -48.8879 0.4195 0.8249 0.1038 0.9942 -0.0278
170.046 220.27 -63.678 0.3872 0.79 0.5679 0.681 -0.4624
160.119 225.02 -63.3084 0.3872 0.8022 0.1088 0.6873 -0.7182
162.104 227.311 -59.7201 0.4034 0.8022 0.1088 0.6873 -0.7182
167.676 215.508 -62.7048 0.3702 0.79 0.2201 -0.2212 -0.9501
158.418 220.25 -62.2518 0.3702 0.8022 -0.1629 -0.2991 -0.9402
160.119 225.02 -63.3084 0.3872 0.8022 -0.1629 -0.2991 -0.9402
165.908 214.964 -58.4042 0.4391 0.79 -0.3672 -0.8709 -0.3268
159.387 218.707 -58.16 0.4391 0.8022 -0.2131 -0.9629 -0.1657
158.418 220.25 -62.2518 0.4564 0.8022 -0.2131 -0.9629 -0.1657
167.544 220.871 -54.8086 0.4195 0.79 -0.4863 -0.4128 0.7702
163.151 223.502 -55.1486 0.4195 0.8022 0.0546 -0.3888 0.9197
159.387 218.707 -58.16 0.4391 0.8022 0.0546 -0.3888 0.9197
169.675 223.599 -60.0893 0.4034 0.79 0.2906 0.7386 0.6083
162.104 227.311 -59.7201 0.4034 0.8022 0.33 0.8506 0.4093
163.151 223.502 -55.1486 0.4195 0.8022 0.33 0.8506 0.4093
183.429 209.864 -50.4591 0.3872 0.7695 0.7668 0.5892 -0.2547
170.046 220.27 -63.678 0.3872 0.79 0.5679 0.681 -0.4624
169.675 223.599 -60.0893 0.4034 0.79 0.5679 0.681 -0.4624
181.999 207.118 -51.544 0.3702 0.7695 0.5336 -0.2581 -0.8054
167.676 215.508 -62.7048 0.3702 0.79 0.2201 -0.2212 -0.9501
170.046 220.27 -63.678 0.3872 0.79 0.2201 -0.2212 -0.9501
179.501 206.477 -50.3519 0.4391 0.7695 -0.262 -0.8812 -0.3934
165.908 214.964 -58.4042 0.4391 0.79 -0.3672 -0.8709 -0.3268
167.676 215.508 -62.7048 0.4564 0.79 -0.3672 -0.8709 -0.3268
178.791 209.478 -47.3386 0.4195 0.7695 -0.6903 -0.3835 0.6135
167.544 220.871 -54.8086 0.4195 0.79 -0.4863 -0.4128 0.7702
165.908 214.964 -58.4042 0.4391 0.79 -0.4863 -0.4128 0.7702
181.818 211.489 -48.5523 0.4034 0.7695 0.1804 0.7208 0.6693
169.675 223.599 -60.0893 0.4034 0.79 0.2906 0.7386 0.6083
167.544 220.871 -54.8086 0.4195 0.79 0.2906 0.7386 0.6083
181.999 207.118 -51.544 0.1432 0.855 0.5056 -0.4978 0.7046
183.429 209.864 -50.4591 0.1375 0.8571 0.5056 -0.4978 0.7046
181.818 211.489 -48.5523 0.1328 0.8652 0.5056 -0.4978 0.7046
178.791 209.478 -47.3386 0.1518 0.8652 0.5056 -0.4978 0.7046
179.501 206.477 -50.3519 0.1484 0.8562 0.5056 -0.4978 0.7046
181.818 211.489 -48.5523 0.1328 0.8652 0.5056 -0.4978 0.7046
2.5869 339.21 97.4875 0.3872 0.4836 0.0854 0.0405 0.9955
-13.5189 323.157 94.5457 0.3872 0.5077 -0.5301 -0.214 0.8205
-13.0829 313.825 91.6501 0.3702 0.5077 -0.5301 -0.214 0.8205
8.7068 322.829 91.9124 0.4392 0.4836 0.2037 -0.6841 -0.7003
-6.123 307.738 82.1574 0.4392 0.5077 0.8519 -0.4321 -0.2959
-1.2635 319.444 78.9596 0.4195 0.5077 0.8519 -0.4321 -0.2959
4.0281 329.499 98.3841 0.4564 0.4836 0.1624 -0.6868 0.7085
-13.0829 313.825 91.6501 0.4564 0.5077 0.0589 -0.7563 0.6515
-6.123 307.738 82.1574 0.4392 0.5077 0.0589 -0.7563 0.6515
11.8255 331.975 83.6207 0.4195 0.4836 -0.1156 0.3645 -0.924
-1.2635 319.444 78.9596 0.4195 0.5077 0.1656 0.5902 -0.7901
-8.926 326.738 83.9959 0.4034 0.5077 0.1656 0.5902 -0.7901
7.718 341.604 86.7935 0.4034 0.4836 -0.1669 0.9822 0.086
-8.926 326.738 83.9959 0.4034 0.5077 -0.6545 0.7522 -0.0769
-13.5189 323.157 94.5457 0.3872 0.5077 -0.6545 0.7522 -0.0769
28.219 331.708 89.1548 0.3872 0.4569 0.1142 0.3961 0.9111
2.5869 339.21 97.4875 0.3872 0.4836 0.0854 0.0405 0.9955
4.0281 329.499 98.3841 0.3702 0.4836 0.0854 0.0405 0.9955
27.5837 318.864 85.4103 0.4392 0.4569 -0.1035 -0.7408 -0.6638
8.7068 322.829 91.9124 0.4392 0.4836 0.2037 -0.6841 -0.7003
11.8255 331.975 83.6207 0.4195 0.4836 0.2037 -0.6841 -0.7003
27.811 324.156 91.571 0.4564 0.4569 -0.0259 -0.6318 0.7747
4.0281 329.499 98.3841 0.4564 0.4836 0.1624 -0.6868 0.7085
8.7068 322.829 91.9124 0.4392 0.4836 0.1624 -0.6868 0.7085
25.4796 326.864 78.7666 0.4195 0.4569 0.0565 0.3075 -0.9499
11.8255 331.975 83.6207 0.4195 0.4836 -0.1156 0.3645 -0.924
7.718 341.604 86.7935 0.4034 0.4836 -0.1156 0.3645 -0.924
24.4392 333.473 82.551 0.4034 0.4569 0.2702 0.9605 0.0668
7.718 341.604 86.7935 0.4034 0.4836 -0.1669 0.9822 0.086
2.5869 339.21 97.4875 0.3872 0.4836 -0.1669 0.9822 0.086
45.4259 331.511 89.0215 0.3872 0.434 -0.2512 0.6054 0.7553
28.219 331.708 89.1548 0.3872 0.4569 0.1142 0.3961 0.9111
27.811 324.156 91.571 0.3702 0.4569 0.1142 0.3961 0.9111
45.5796 322.536 92.9398 0.4392 0.434 0.2538 -0.871 -0.4207
27.5837 318.864 85.4103 0.4392 0.4569 -0.1035 -0.7408 -0.6638
25.4796 326.864 78.7666 0.4195 0.4569 -0.1035 -0.7408 -0.6638
44.4303 328.307 93.7599 0.4564 0.434 -0.2758 -0.4303 0.8595
27.811 324.156 91.571 0.4564 0.4569 -0.0259 -0.6318 0.7747
27.5837 318.864 85.4103 0.4392 0.4569 -0.0259 -0.6318 0.7747
45.8138 323.757 85.2824 0.4195 0.434 0.453 0.1608 -0.8769
25.4796 326.864 78.7666 0.4195 0.4569 0.0565 0.3075 -0.9499
24.4392 333.473 82.551 0.4034 0.4569 0.0565 0.3075 -0.9499
44.3589 329.029 83.9892 0.4034 0.434 0.1962 0.9659 -0.1688
24.4392 333.473 82.551 0.4034 0.4569 0.2702 0.9605 0.0668
28.219 331.708 89.1548 0.3872 0.4569 0.2702 0.9605 0.0668
54.3151 329.591 98.1482 0.3872 0.4208 -0.5606 0.7476 0.3562
45.4259 331.511 89.0215 0.3872 0.434 -0.2512 0.6054 0.7553
44.4303 328.307 93.7599 0.3702 0.434 -0.2512 0.6054 0.7553
53.8213 322.813 96.5015 0.4392 0.4208 0.3247 -0.9438 -0.0617
45.5796 322.536 92.9398 0.4392 0.434 0.2538 -0.871 -0.4207
45.8138 323.757 85.2824 0.4195 0.434 0.2538 -0.871 -0.4207
51.7639 326.399 97.4468 0.4564 0.4208 -0.7791 -0.3453 0.5232
44.4303 328.307 93.7599 0.4564 0.434 -0.2758 -0.4303 0.8595
45.5796 322.536 92.9398 0.4392 0.434 -0.2758 -0.4303 0.8595
58.4481 325.749 95.6956 0.4195 0.4208 0.9282 0.0135 -0.3718
45.8138 323.757 85.2824 0.4195 0.434 0.453 0.1608 -0.8769
44.3589 329.029 83.9892 0.4034 0.434 0.453 0.1608 -0.8769
57.7535 329.693 95.9582 0.4034 0.4208 0.271 0.959 -0.0832
44.3589 329.029 83.9892 0.4034 0.434 0.1962 0.9659 -0.1688
45.4259 331.511 89.0215 0.3872 0.434 0.1962 0.9659 -0.1688
55.2006 329.591 109.686 0.3872 0.4043 -0.6593 0.7518 -0.0109
54.3151 329.591 98.1482 0.3872 0.4208 -0.5606 0.7476 0.3562
51.7639 326.399 97.4468 0.3702 0.4208 -0.5606 0.7476 0.3562
52.8269 326.186 110.045 0.4392 0.4043 0.3438 -0.9248 0.1628
53.8213 322.813 96.5015 0.4392 0.4208 0.3247 -0.9438 -0.0617
58.4481 325.749 95.6956 0.4195 0.4208 0.3247 -0.9438 -0.0617
52.9842 328.585 109.266 0.4564 0.4043 -0.9498 -0.3036 0.075
51.7639 326.399 97.4468 0.4564 0.4208 -0.7791 -0.3453 0.5232
53.8213 322.813 96.5015 0.4392 0.4208 -0.7791 -0.3453 0.5232
56.1138 326.099 110.328 0.4195 0.4043 0.9938 -0.0421 0.1029
58.4481 325.749 95.6956 0.4195 0.4208 0.9282 0.0135 -0.3718
57.7535 329.693 95.9582 0.4034 0.4208 0.9282 0.0135 -0.3718
57.118 328.109 109.51 0.4034 0.4043 0.273 0.9603 0.0579
57.7535 329.693 95.9582 0.4034 0.4208 0.271 0.959 -0.0832
54.3151 329.591 98.1482 0.3872 0.4208 0.271 0.959 -0.0832
56.1138 326.099 110.328 0.0973 0.848 -0.0514 0.2237 0.9733
57.118 328.109 109.51 0.0983 0.8434 -0.0514 0.2237 0.9733
55.2006 329.591 109.686 0.1022 0.8415 -0.0514 0.2237 0.9733
52.9842 328.585 109.266 0.1065 0.8429 -0.0514 0.2237 0.9733
52.8269 326.186 110.045 0.1096 0.848 -0.0514 0.2237 0.9733
55.2006 329.591 109.686 0.1022 0.8415 -0.0514 0.2237 0.9733
-48.1453 307.791 -4.1272 0.4564 0.7089 -0.2765 -0.9594 -0.055
-21.9495 306.112 -11.4176 0.4564 0.7371 -0.2995 -0.9276 -0.2232
-30.8367 304.979 -2.532 0.4391 0.7371 -0.2995 -0.9276 -0.2232
-47.2027 324.229 -1.8329 0.4034 0.7089 -0.2278 0.6899 -0.6871
-20.5507 326.303 -6.1088 0.4034 0.7371 0.3908 0.7433 -0.5429
-15.6172 316.743 -15.541 0.3872 0.7371 0.3908 0.7433 -0.5429
-50.8809 316.4 -9.2067 0.3872 0.7089 -0.464 -0.4936 -0.7355
-15.6172 316.743 -15.541 0.3872 0.7371 0.0425 -0.5792 -0.814
-21.9495 306.112 -11.4176 0.3702 0.7371 0.0425 -0.5792 -0.814
-39.8754 314.818 9.6064 0.4195 0.7089 0.2824 0.87 0.4042
-30.7596 316.056 7.9128 0.4195 0.7371 0.0875 0.847 0.5243
-20.5507 326.303 -6.1088 0.4034 0.7371 0.0875 0.847 0.5243
-44.3314 306.742 5.0846 0.4391 0.7089 0.2787 -0.5339 0.7983
-30.8367 304.979 -2.532 0.4391 0.7371 -0.4129 -0.3886 0.8237
-30.7596 316.056 7.9128 0.4195 0.7371 -0.4129 -0.3886 0.8237
-61.2251 314.258 7.105 0.4564 0.6865 -0.4126 -0.9108 -0.0133
-48.1453 307.791 -4.1272 0.4564 0.7089 -0.2765 -0.9594 -0.055
-44.3314 306.742 5.0846 0.4391 0.7089 -0.2765 -0.9594 -0.055
-60.5827 327.503 7.1089 0.4034 0.6865 0.0184 0.6497 -0.76
-47.2027 324.229 -1.8329 0.4034 0.7089 -0.2278 0.6899 -0.6871
-50.8809 316.4 -9.2067 0.3872 0.7089 -0.2278 0.6899 -0.6871
-63.8165 321.031 2.5217 0.3872 0.6865 -0.4111 -0.4982 -0.7634
-50.8809 316.4 -9.2067 0.3872 0.7089 -0.464 -0.4936 -0.7355
-48.1453 307.791 -4.1272 0.3702 0.7089 -0.464 -0.4936 -0.7355
-58.4356 327.107 19.6237 0.4195 0.6865 0.5206 0.8519 0.0561
-39.8754 314.818 9.6064 0.4195 0.7089 0.2824 0.87 0.4042
-47.2027 324.229 -1.8329 0.4034 0.7089 0.2824 0.87 0.4042
-59.3169 313.737 15.1658 0.4391 0.6865 0.0195 -0.3434 0.939
-44.3314 306.742 5.0846 0.4391 0.7089 0.2787 -0.5339 0.7983
-39.8754 314.818 9.6064 0.4195 0.7089 0.2787 -0.5339 0.7983
-82.5939 325.701 2.4553 0.4564 0.6617 -0.7736 -0.6092 -0.1746
-61.2251 314.258 7.105 0.4564 0.6865 -0.4126 -0.9108 -0.0133
-59.3169 313.737 15.1658 0.4391 0.6865 -0.4126 -0.9108 -0.0133
-71.8317 335.067 8.5836 0.4034 0.6617 0.6653 0.3392 -0.6651
-60.5827 327.503 7.1089 0.4034 0.6865 0.0184 0.6497 -0.76
-63.8165 321.031 2.5217 0.3872 0.6865 0.0184 0.6497 -0.76
-76.2119 330.096 2.0555 0.3872 0.6617 0.031 -0.3369 -0.941
-63.8165 321.031 2.5217 0.3872 0.6865 -0.4111 -0.4982 -0.7634
-61.2251 314.258 7.105 0.3702 0.6865 -0.4111 -0.4982 -0.7634
-73.1077 335.857 17.2058 0.4195 0.6617 0.6547 0.7473 0.1137
-58.4356 327.107 19.6237 0.4195 0.6865 0.5206 0.8519 0.0561
-60.5827 327.503 7.1089 0.4034 0.6865 0.5206 0.8519 0.0561
-83.2441 324.08 12.7615 0.4391 0.6617 -0.472 -0.0113 0.8815
-59.3169 313.737 15.1658 0.4391 0.6865 0.0195 -0.3434 0.939
-58.4356 327.107 19.6237 0.4195 0.6865 0.0195 -0.3434 0.939
-83.0222 343.399 -3.0998 0.4564 0.6452 -0.8158 -0.4199 -0.3977
-82.5939 325.701 2.4553 0.4564 0.6617 -0.7736 -0.6092 -0.1746
-83.2441 324.08 12.7615 0.4391 0.6617 -0.7736 -0.6092 -0.1746
-78.7773 349.527 1.1512 0.4034 0.6452 0.9597 0.2453 -0.1373
-71.8317 335.067 8.5836 0.4034 0.6617 0.6653 0.3392 -0.6651
-76.2119 330.096 2.0555 0.3872 0.6617 0.6653 0.3392 -0.6651
-78.7687 345.352 -2.9189 0.3872 0.6452 0.4417 -0.3148 -0.8401
-76.2119 330.096 2.0555 0.3872 0.6617 0.031 -0.3369 -0.941
-82.5939 325.701 2.4553 0.3702 0.6617 0.031 -0.3369 -0.941
-83.3864 350.661 4.8673 0.4195 0.6452 0.4687 0.6764 0.5681
-73.1077 335.857 17.2058 0.4195 0.6617 0.6547 0.7473 0.1137
-71.8317 335.067 8.5836 0.4034 0.6617 0.6547 0.7473 0.1137
-86.5038 347.356 1.6135 0.4391 0.6452 -0.8302 0.057 0.5546
-83.2441 324.08 12.7615 0.4391 0.6617 -0.472 -0.0113 0.8815
-73.1077 335.857 17.2058 0.4195 0.6617 -0.472 -0.0113 0.8815
-82.9811 355.706 -12.2746 0.4564 0.6293 -0.1931 -0.8494 -0.4911
-83.0222 343.399 -3.0998 0.4564 0.6452 -0.8158 -0.4199 -0.3977
-86.5038 347.356 1.6135 0.4391 0.6452 -0.8158 -0.4199 -0.3977
-85.927 365.066 -6.2706 0.4034 0.6293 0.7019 0.6407 0.3112
-78.7773 349.527 1.1512 0.4034 0.6452 0.9597 0.2453 -0.1373
-78.7687 345.352 -2.9189 0.3872 0.6452 0.9597 0.2453 -0.1373
-81.1461 361.115 -9.5525 0.3872 0.6293 0.9608 -0.2048 -0.1868
-78.7687 345.352 -2.9189 0.3872 0.6452 0.4417 -0.3148 -0.8401
-83.0222 343.399 -3.0998 0.3702 0.6452 0.4417 -0.3148 -0.8401
-91.2011 361.828 -6.9085 0.4195 0.6293 -0.3556 0.7948 0.4918
-83.3864 350.661 4.8673 0.4195 0.6452 0.4687 0.6764 0.5681
-78.7773 349.527 1.1512 0.4034 0.6452 0.4687 0.6764 0.5681
-89.9224 356.836 -11.1274 0.4391 0.6293 -0.946 -0.3204 -0.0492
-86.5038 347.356 1.6135 0.4391 0.6452 -0.8302 0.057 0.5546
-83.3864 350.661 4.8673 0.4195 0.6452 -0.8302 0.057 0.5546
-77.0877 364.09 -20.5315 0.4564 0.6128 0.5984 -0.7022 -0.3857
-82.9811 355.706 -12.2746 0.4564 0.6293 -0.1931 -0.8494 -0.4911
-89.9224 356.836 -11.1274 0.4391 0.6293 -0.1931 -0.8494 -0.4911
-85.4446 368.439 -20.8301 0.4034 0.6128 0.0409 0.9622 0.2692
-85.927 365.066 -6.2706 0.4034 0.6293 0.7019 0.6407 0.3112
-81.1461 361.115 -9.5525 0.3872 0.6293 0.7019 0.6407 0.3112
-79.7845 368.46 -19.8197 0.3872 0.6128 0.9052 0.4042 0.1314
-81.1461 361.115 -9.5525 0.3872 0.6293 0.9608 -0.2048 -0.1868
-82.9811 355.706 -12.2746 0.3702 0.6293 0.9608 -0.2048 -0.1868
-88.1765 363.828 -21.9399 0.4195 0.6128 -0.8888 0.458 0.015
-91.2011 361.828 -6.9085 0.4195 0.6293 -0.3556 0.7948 0.4918
-85.927 365.066 -6.2706 0.4034 0.6293 -0.3556 0.7948 0.4918
-81.3421 360.322 -22.8038 0.4391 0.6128 -0.5649 -0.7637 -0.3124
-89.9224 356.836 -11.1274 0.4391 0.6293 -0.946 -0.3204 -0.0492
-91.2011 361.828 -6.9085 0.4195 0.6293 -0.946 -0.3204 -0.0492
-81.3972 368.192 -31.6282 0.4564 0.6001 0.7463 -0.1921 -0.6373
-77.0877 364.09 -20.5315 0.4564 0.6128 0.5984 -0.7022 -0.3857
-81.3421 360.322 -22.8038 0.4391 0.6128 0.5984 -0.7022 -0.3857
-87.6224 366.633 -27.3471 0.4034 0.6001 -0.4915 0.8113 0.3166
-85.4446 368.439 -20.8301 0.4034 0.6128 0.0409 0.9622 0.2692
-79.7845 368.46 -19.8197 0.3872 0.6128 0.0409 0.9622 0.2692
-84.9251 369.636 -29.7657 0.3872 0.6001 0.351 0.918 -0.1847
-79.7845 368.46 -19.8197 0.3872 0.6128 0.9052 0.4042 0.1314
-77.0877 364.09 -20.5315 0.3702 0.6128 0.9052 0.4042 0.1314
-86.3436 362.417 -26.5361 0.4195 0.6001 -0.9475 -0.1069 0.3014
-88.1765 363.828 -21.9399 0.4195 0.6128 -0.8888 0.458 0.015
-85.4446 368.439 -20.8301 0.4034 0.6128 -0.8888 0.458 0.015
-81.6777 363.273 -30.7214 0.4391 0.6001 -0.0671 -0.9707 -0.2309
-81.3421 360.322 -22.8038 0.4391 0.6128 -0.5649 -0.7637 -0.3124
-88.1765 363.828 -21.9399 0.4195 0.6128 -0.5649 -0.7637 -0.3124
-93.2027 367.618 -38.0328 0.4564 0.5861 0.5435 0.03 -0.8389
-81.3972 368.192 -31.6282 0.4564 0.6001 0.7463 -0.1921 -0.6373
-81.6777 363.273 -30.7214 0.4391 0.6001 0.7463 -0.1921 -0.6373
-94.2859 364.796 -35.4401 0.4034 0.5861 -0.6169 0.6096 0.4978
-87.6224 366.633 -27.3471 0.4034 0.6001 -0.4915 0.8113 0.3166
-84.9251 369.636 -29.7657 0.3872 0.6001 -0.4915 0.8113 0.3166
-94.366 367.083 -36.2558 0.3872 0.5861 0.0024 0.9709 -0.2394
-84.9251 369.636 -29.7657 0.3872 0.6001 0.351 0.918 -0.1847
-81.3972 368.192 -31.6282 0.3702 0.6001 0.351 0.918 -0.1847
-92.8314 363.23 -36.323 0.4195 0.5861 -0.7423 -0.3579 0.5665
-86.3436 362.417 -26.5361 0.4195 0.6001 -0.9475 -0.1069 0.3014
-87.6224 366.633 -27.3471 0.4034 0.6001 -0.9475 -0.1069 0.3014
-92.2326 365.331 -38.7505 0.4391 0.5861 0.1537 -0.9419 -0.2988
-81.6777 363.273 -30.7214 0.4391 0.6001 -0.0671 -0.9707 -0.2309
-86.3436 362.417 -26.5361 0.4195 0.6001 -0.0671 -0.9707 -0.2309
-94.366 367.083 -36.2558 0.1238 0.8479 -0.7926 -0.2681 -0.5477
-93.2027 367.618 -38.0328 0.1273 0.8489 -0.7926 -0.2681 -0.5477
-92.2326 365.331 -38.7505 0.1287 0.855 -0.7926 -0.2681 -0.5477
-92.8314 363.23 -36.323 0.1153 0.855 -0.7926 -0.2681 -0.5477
-94.2859 364.796 -35.4401 0.1194 0.8495 -0.7926 -0.2681 -0.5477
-92.2326 365.331 -38.7505 0.1287 0.855 -0.7926 -0.2681 -0.5477
-1.9266 41.1501 -54.3516 0.5371 0.8749 -0.6137 0.7367 -0.284
-7.4085 31.3879 -70.6663 0.5371 0.8412 -0.6773 0.7351 -0.0308
-21.9732 18.1619 -70.6663 0.5656 0.8412 -0.6773 0.7351 -0.0308
27.5062 -0 -59.4538 0.4882 0.8749 0 -1 0
-28.7963 -0 -57.3515 0.463 0.8749 0 -1 0
-17.79 -0 -73.9788 0.463 0.8412 -0.0562 -0.966 -0.2524
17.7173 17.0129 -57.8566 0.5125 0.8749 0.6082 0.2571 -0.751
27.5062 -0 -59.4538 0.4882 0.8749 0.6082 0.2571 -0.751
5.001 -0 -73.9788 0.4882 0.8412 0.7705 0.1647 -0.6157
-21.9732 18.1619 -70.6663 0.5656 0.8412 -0.9716 -0.0671 -0.2269
-17.79 -0 -73.9788 0.593 0.8412 -0.9716 -0.0671 -0.2269
-28.7963 -0 -57.3515 0.593 0.8749 -0.8774 -0.0217 -0.4793
5.001 -0 -73.9788 0.4882 0.8412 -0.0562 -0.966 -0.2524
-17.79 -0 -73.9788 0.463 0.8412 -0.0562 -0.966 -0.2524
-22.5269 14.3429 -93.337 0.463 0.8181 -0.0377 -0.9758 -0.2156
-9.3828 24.292 -99.1808 0.5125 0.8181 0.8522 0.0241 -0.5227
4.4068 21.8874 -70.6663 0.5125 0.8412 0.7705 0.1647 -0.6157
5.001 -0 -73.9788 0.4882 0.8412 0.7705 0.1647 -0.6157
-21.1703 24.292 -91.6503 0.5656 0.8181 -0.6705 0.7125 0.2068
-21.9732 18.1619 -70.6663 0.5656 0.8412 -0.6773 0.7351 -0.0308
-7.4085 31.3879 -70.6663 0.5371 0.8412 -0.6773 0.7351 -0.0308
-22.5269 14.3429 -93.337 0.593 0.8181 -0.9706 -0.0496 0.2357
-17.79 -0 -73.9788 0.593 0.8412 -0.9716 -0.0671 -0.2269
-21.9732 18.1619 -70.6663 0.5656 0.8412 -0.9716 -0.0671 -0.2269
-10.3431 14.3429 -101.121 0.4882 0.8181 -0.0377 -0.9758 -0.2156
-22.5269 14.3429 -93.337 0.463 0.8181 -0.0377 -0.9758 -0.2156
-31.1695 12.6708 -113.019 0.463 0.7918 -0.015 -0.8757 0.4826
-21.8988 22.2828 -117.017 0.5125 0.7918 0.9789 -0.0359 -0.2009
-9.3828 24.292 -99.1808 0.5125 0.8181 0.8522 0.0241 -0.5227
-10.3431 14.3429 -101.121 0.4882 0.8181 0.8522 0.0241 -0.5227
-35.4522 22.2828 -121.517 0.5656 0.7918 -0.6342 0.6881 -0.3525
-21.1703 24.292 -91.6503 0.5656 0.8181 -0.6705 0.7125 0.2068
-14.7138 33.7925 -95.7751 0.5371 0.8181 -0.6705 0.7125 0.2068
-31.1695 12.6708 -113.019 0.593 0.7918 -0.9824 0.0052 0.1866
-22.5269 14.3429 -93.337 0.593 0.8181 -0.9706 -0.0496 0.2357
-21.1703 24.292 -91.6503 0.5656 0.8181 -0.9706 -0.0496 0.2357
-21.7441 12.6708 -115.654 0.4882 0.7918 -0.015 -0.8757 0.4826
-31.1695 12.6708 -113.019 0.463 0.7918 -0.015 -0.8757 0.4826
-35.0911 -2.1975 -127.762 0.463 0.7631 -0.0638 -0.5951 0.8011
-18.1484 -2.1975 -134.205 0.5125 0.7631 0.9724 -0.0496 0.2282
-21.8988 22.2828 -117.017 0.5125 0.7918 0.9789 -0.0359 -0.2009
-21.7441 12.6708 -115.654 0.4882 0.7918 0.9789 -0.0359 -0.2009
-35.4522 22.2828 -121.517 0.5656 0.7918 -0.6342 0.6881 -0.3525
-26.7481 27.527 -123.421 0.5371 0.7918 -0.6342 0.6881 -0.3525
-22.5357 -2.1975 -142.054 0.5371 0.7631 -0.4359 0.4323 -0.7894
-35.0911 -2.1975 -127.762 0.593 0.7631 -0.9984 -0.0001 -0.0572
-31.1695 12.6708 -113.019 0.593 0.7918 -0.9824 0.0052 0.1866
-35.4522 22.2828 -121.517 0.5656 0.7918 -0.9824 0.0052 0.1866
-26.7481 27.527 -123.421 0.5371 0.7918 0.7985 0.4065 -0.444
-14.7138 33.7925 -95.7751 0.5371 0.8181 0.7463 0.5605 -0.359
-9.3828 24.292 -99.1808 0.5125 0.8181 0.7463 0.5605 -0.359
-14.7138 33.7925 -95.7751 0.5371 0.8181 0.7463 0.5605 -0.359
-7.4085 31.3879 -70.6663 0.5371 0.8412 0.664 0.6551 -0.3606
4.4068 21.8874 -70.6663 0.5125 0.8412 0.664 0.6551 -0.3606
4.4068 21.8874 -70.6663 0.5125 0.8412 0.664 0.6551 -0.3606
-7.4085 31.3879 -70.6663 0.5371 0.8412 0.664 0.6551 -0.3606
-1.9266 41.1501 -54.3516 0.5371 0.8749 0.6077 0.6201 -0.4962
-22.5357 -2.1975 -142.054 0.5371 0.7631 0.8327 0.3852 -0.3978
-26.7481 27.527 -123.421 0.5371 0.7918 0.7985 0.4065 -0.444
-21.8988 22.2828 -117.017 0.5125 0.7918 0.7985 0.4065 -0.444
-41.8392 30.139 -43.7853 0.0602 0.4949 -0.243 0.9503 -0.1948
-55.1557 25.1126 -50.6275 0.0602 0.464 -0.1413 0.9833 -0.1146
-66.0967 25.1126 -38.0476 0.0847 0.464 -0.1413 0.9833 -0.1146
-57.7944 -2.1829 -51.4892 0.0358 0.464 -0.1265 -0.9906 -0.0519
-34.0121 -0.6082 -53.4136 0.0358 0.4949 0.1057 -0.9918 0.0723
-59.8461 0.1375 -16.6453 0.0106 0.4949 0.1057 -0.9918 0.0723
-41.8392 30.139 -43.7853 0.0602 0.4949 0.0966 0.1854 -0.9779
-34.0121 -0.6082 -53.4136 0.0358 0.4949 0.0966 0.1854 -0.9779
-57.7944 -2.1829 -51.4892 0.0358 0.464 0.1316 0.1117 -0.985
-66.0967 25.1126 -38.0476 0.0847 0.464 -0.7338 0.1573 0.6609
-65.9559 -2.1829 -28.3194 0.1133 0.464 -0.7338 0.1573 0.6609
-59.8461 0.1375 -16.6453 0.1133 0.4949 -0.9172 0.1009 0.3856
-81.9277 9.0231 -55.738 0.0358 0.4351 -0.111 -0.9934 -0.0278
-57.7944 -2.1829 -51.4892 0.0358 0.464 -0.1265 -0.9906 -0.0519
-65.9559 -2.1829 -28.3194 0.0106 0.464 -0.1265 -0.9906 -0.0519
-80.9018 24.0336 -54.3869 0.0602 0.4351 0.1891 -0.0531 -0.9805
-55.1557 25.1126 -50.6275 0.0602 0.464 0.1316 0.1117 -0.985
-57.7944 -2.1829 -51.4892 0.0358 0.464 0.1316 0.1117 -0.985
-87.9861 24.0336 -46.2415 0.0847 0.4351 -0.1105 0.9892 -0.0961
-66.0967 25.1126 -38.0476 0.0847 0.464 -0.1413 0.9833 -0.1146
-55.1557 25.1126 -50.6275 0.0602 0.464 -0.1413 0.9833 -0.1146
-89.4664 9.0231 -47.0701 0.1133 0.4351 -0.4008 0.1756 0.8992
-65.9559 -2.1829 -28.3194 0.1133 0.464 -0.7338 0.1573 0.6609
-66.0967 25.1126 -38.0476 0.0847 0.464 -0.7338 0.1573 0.6609
-95.1911 7.2605 -55.0239 0.0358 0.4112 0.355 -0.8824 0.3088
-81.9277 9.0231 -55.738 0.0358 0.4351 -0.111 -0.9934 -0.0278
-89.4664 9.0231 -47.0701 0.0106 0.4351 -0.111 -0.9934 -0.0278
-102.715 18.7259 -61.7034 0.0602 0.4112 0.3998 -0.0715 -0.9138
-80.9018 24.0336 -54.3869 0.0602 0.4351 0.1891 -0.0531 -0.9805
-81.9277 9.0231 -55.738 0.0358 0.4351 0.1891 -0.0531 -0.9805
-108.234 18.7259 -55.3576 0.0847 0.4112 -0.4404 0.812 -0.383
-87.9861 24.0336 -46.2415 0.0847 0.4351 -0.1105 0.9892 -0.0961
-80.9018 24.0336 -54.3869 0.0602 0.4351 -0.1105 0.9892 -0.0961
-101.163 7.2605 -48.1577 0.1133 0.4112 -0.5386 0.1381 0.8311
-89.4664 9.0231 -47.0701 0.1133 0.4351 -0.4008 0.1756 0.8992
-87.9861 24.0336 -46.2415 0.0847 0.4351 -0.4008 0.1756 0.8992
-103.62 -4.2143 -62.4159 0.0358 0.3919 0.5397 -0.6988 0.4694
-95.1911 7.2605 -55.0239 0.0358 0.4112 0.355 -0.8824 0.3088
-101.163 7.2605 -48.1577 0.0106 0.4112 0.355 -0.8824 0.3088
-115.587 -4.2143 -69.2605 0.0602 0.3919 0.5713 0.0029 -0.8208
-102.715 18.7259 -61.7034 0.0602 0.4112 0.3998 -0.0715 -0.9138
-95.1911 7.2605 -55.0239 0.0358 0.4112 0.3998 -0.0715 -0.9138
-119.22 -4.2143 -65.0831 0.0847 0.3919 -0.6357 0.5388 -0.5528
-108.234 18.7259 -55.3576 0.0847 0.4112 -0.4404 0.812 -0.383
-102.715 18.7259 -61.7034 0.0602 0.4112 -0.4404 0.812 -0.383
-110.782 -4.2143 -54.1812 0.1133 0.3919 -0.7172 0.1149 0.6873
-101.163 7.2605 -48.1577 0.1133 0.4112 -0.5386 0.1381 0.8311
-108.234 18.7259 -55.3576 0.0847 0.4112 -0.5386 0.1381 0.8311
-33.6639 44.7021 33.295 0.5371 0.9926 0.1323 0.6594 0.7401
-57.179 24.8107 55.7697 0.5371 0.9626 0.2511 0.6671 0.7014
-49.6015 13.9538 63.5378 0.5656 0.9626 0.2511 0.6671 0.7014
-61.4306 0 15.7964 0.4882 0.9926 -0.0651 -0.9966 0.0511
-25.6816 -0 67.2542 0.463 0.9926 -0.0651 -0.9966 0.0511
-47.4909 1.9051 70.6936 0.463 0.9626 -0.0358 -0.9985 -0.0406
-48.112 23.4939 18.4835 0.5125 0.9926 -0.8127 0.5053 -0.2903
-61.4306 0 15.7964 0.4882 0.9926 -0.8127 0.5053 -0.2903
-71.4214 1.9051 46.1613 0.4882 0.9626 -0.7793 0.4692 -0.4153
-49.6015 13.9538 63.5378 0.5656 0.9626 0.3181 0.3139 0.8946
-47.4909 1.9051 70.6936 0.593 0.9626 0.3181 0.3139 0.8946
-25.6816 -0 67.2542 0.593 0.9926 0.1683 0.5128 0.8419
-71.4214 1.9051 46.1613 0.4882 0.9626 -0.0358 -0.9985 -0.0406
-47.4909 1.9051 70.6936 0.463 0.9626 -0.0358 -0.9985 -0.0406
-76.9499 -2.4373 79.0397 0.463 0.9283 -0.044 -0.988 -0.1477
-86.8946 12.0506 75.5003 0.5125 0.9283 -0.8604 0.2473 -0.4455
-64.3929 13.9538 48.3743 0.5125 0.9626 -0.7793 0.4692 -0.4153
-71.4214 1.9051 46.1613 0.4882 0.9626 -0.7793 0.4692 -0.4153
-72.0406 6.7487 82.5273 0.5656 0.9283 0.4988 0.6987 0.5129
-49.6015 13.9538 63.5378 0.5656 0.9626 0.2511 0.6671 0.7014
-57.179 24.8107 55.7697 0.5371 0.9626 0.2511 0.6671 0.7014
-76.9499 -2.4373 79.0397 0.593 0.9283 0.7322 -0.061 0.6784
-47.4909 1.9051 70.6936 0.593 0.9626 0.3181 0.3139 0.8946
-49.6015 13.9538 63.5378 0.5656 0.9626 0.3181 0.3139 0.8946
-92.3467 1.3778 76.7498 0.4882 0.9283 -0.044 -0.988 -0.1477
-76.9499 -2.4373 79.0397 0.463 0.9283 -0.044 -0.988 -0.1477
-82.1968 -3.6321 101.831 0.463 0.9008 0.0461 -0.9676 -0.2484
-101.535 7.1827 103.672 0.5125 0.9007 -0.8882 0.0573 -0.4559
-86.8946 12.0506 75.5003 0.5125 0.9283 -0.8604 0.2473 -0.4455
-92.3467 1.3778 76.7498 0.4882 0.9283 -0.8604 0.2473 -0.4455
-72.0406 6.7487 82.5273 0.5656 0.9283 0.4988 0.6987 0.5129
-78.1437 15.5436 77.9437 0.5371 0.9283 0.4988 0.6987 0.5129
-96.2286 13.3203 111.242 0.5371 0.9007 0.55 0.567 0.6132
-82.1968 -3.6321 101.831 0.593 0.9007 0.8199 -0.2795 0.4996
-76.9499 -2.4373 79.0397 0.593 0.9283 0.7322 -0.061 0.6784
-72.0406 6.7487 82.5273 0.5656 0.9283 0.7322 -0.061 0.6784
-94.8013 -3.6321 95.1742 0.4882 0.9008 0.0461 -0.9676 -0.2484
-82.1968 -3.6321 101.831 0.463 0.9008 0.0461 -0.9676 -0.2484
-97.4195 -10.2435 112.543 0.463 0.8749 0.173 -0.9289 -0.3275
-110.591 -5.4919 117.669 0.5125 0.8749 -0.8194 0.0573 -0.5704
-101.535 7.1827 103.672 0.5125 0.9007 -0.8882 0.0573 -0.4559
-94.8013 -3.6321 95.1742 0.4882 0.9008 -0.8882 0.0573 -0.4559
-101.247 -5.4919 122.605 0.5656 0.8749 0.4375 0.3765 0.8166
-87.6367 7.1827 111.013 0.5656 0.9007 0.55 0.567 0.6132
-96.2286 13.3203 111.242 0.5371 0.9007 0.55 0.567 0.6132
-97.4195 -10.2435 112.543 0.593 0.8749 0.7074 -0.3429 0.6181
-82.1968 -3.6321 101.831 0.593 0.9007 0.8199 -0.2795 0.4996
-87.6367 7.1827 111.013 0.5656 0.9007 0.8199 -0.2795 0.4996
-78.1437 15.5436 77.9437 0.5371 0.9283 -0.5088 0.8312 -0.2243
-57.179 24.8107 55.7697 0.5371 0.9626 -0.6433 0.7239 -0.2492
-64.3929 13.9538 48.3743 0.5125 0.9626 -0.6433 0.7239 -0.2492
-64.3929 13.9538 48.3743 0.5125 0.9626 -0.6433 0.7239 -0.2492
-57.179 24.8107 55.7697 0.5371 0.9626 -0.6433 0.7239 -0.2492
-33.6639 44.7021 33.295 0.5371 0.9926 -0.7406 0.6407 -0.2027
-111.093 -2.25 127.93 0.5371 0.8749 -0.8062 0.5847 -0.0903
-96.2286 13.3203 111.242 0.5371 0.9007 -0.6589 0.7416 -0.1262
-101.535 7.1827 103.672 0.5125 0.9007 -0.6589 0.7416 -0.1262
-96.2286 13.3203 111.242 0.5371 0.9007 -0.6589 0.7416 -0.1262
-78.1437 15.5436 77.9437 0.5371 0.9283 -0.5088 0.8312 -0.2243
-86.8946 12.0506 75.5003 0.5125 0.9283 -0.5088 0.8312 -0.2243
0 35.8236 50.8542 0.0845 0.2847 0.5841 0.6997 0.4113
-0.2816 23.7137 71.5162 0.0845 0.2588 0.7162 0.6904 0.1018
10.5378 14.8399 71.5871 0.113 0.2588 0.7162 0.6904 0.1018
-25.6816 -0 67.2542 0.0356 0.2847 0 -1 0
26.4503 0 55.1299 0.0104 0.2847 0 -1 0
6.6311 0 76.1939 0.0104 0.2588 -0.0434 -0.9227 0.383
-16.0155 17.5823 54.8515 0.0599 0.2847 -0.6681 0.4824 0.5665
-25.6816 -0 67.2542 0.0356 0.2847 -0.6681 0.4824 0.5665
-8.7752 0 78.3653 0.0356 0.2588 -0.8943 0.3272 0.3054
10.5378 14.8399 71.5871 0.113 0.2588 0.8495 -0.0475 0.5254
6.6311 0 76.1939 0.1404 0.2588 0.8495 -0.0475 0.5254
26.4503 0 55.1299 0.1404 0.2847 0.7832 0.1798 0.5951
-8.7752 0 78.3653 0.0356 0.2588 -0.0434 -0.9227 0.383
6.6311 0 76.1939 0.0104 0.2588 -0.0434 -0.9227 0.383
0.106 11.2576 90.567 0.0104 0.2286 -0.3234 -0.8832 0.3395
-5.4632 26.2355 88.549 0.0599 0.2285 -0.9512 0.3049 0.047
-11.4152 14.8399 71.4432 0.0599 0.2588 -0.8943 0.3272 0.3054
-8.7752 0 78.3653 0.0356 0.2588 -0.8943 0.3272 0.3054
7.0248 20.6439 88.6422 0.113 0.2286 0.9149 0.3968 -0.0739
10.5378 14.8399 71.5871 0.113 0.2588 0.7162 0.6904 0.1018
-0.2816 23.7137 71.5162 0.0845 0.2588 0.7162 0.6904 0.1018
0.106 11.2576 90.567 0.1404 0.2286 0.8439 -0.5085 0.1708
6.6311 0 76.1939 0.1404 0.2588 0.8495 -0.0475 0.5254
10.5378 14.8399 71.5871 0.113 0.2588 0.8495 -0.0475 0.5254
-11.2172 16.3277 90.4081 0.0356 0.2285 -0.3234 -0.8832 0.3395
0.106 11.2576 90.567 0.0104 0.2286 -0.3234 -0.8832 0.3395
-1.6118 9.0545 105.11 0.0104 0.1975 -0.4001 -0.8238 -0.4016
-6.0895 21.7654 111.291 0.0599 0.1975 -0.9626 0.2133 0.1672
-5.4632 26.2355 88.549 0.0599 0.2285 -0.9512 0.3049 0.047
-11.2172 16.3277 90.4081 0.0356 0.2285 -0.9512 0.3049 0.047
7.0248 20.6439 88.6422 0.113 0.2286 0.9149 0.3968 -0.0739
4.4446 28.7782 88.5964 0.0845 0.2285 0.9149 0.3968 -0.0739
4.599 22.0532 116.506 0.0845 0.1975 0.9641 0.1727 0.2016
-1.6118 9.0545 105.11 0.1404 0.1975 0.8522 -0.4598 -0.2499
0.106 11.2576 90.567 0.1404 0.2286 0.8439 -0.5085 0.1708
7.0248 20.6439 88.6422 0.113 0.2286 0.8439 -0.5085 0.1708
-9.7446 15.1381 104.987 0.0356 0.1974 -0.4001 -0.8238 -0.4016
-1.6118 9.0545 105.11 0.0104 0.1975 -0.4001 -0.8238 -0.4016
4.3945 -2.3141 117.866 0.0104 0.1698 -0.2674 -0.703 -0.659
-3.1469 -2.3141 128.039 0.0599 0.1698 -0.9712 -0.0645 0.2292
-6.0895 21.7654 111.291 0.0599 0.1975 -0.9626 0.2133 0.1672
-9.7446 15.1381 104.987 0.0356 0.1974 -0.9626 0.2133 0.1672
5.4555 -2.3141 128.095 0.113 0.1698 0.9282 0.1859 0.3222
5.0917 13.4015 111.39 0.113 0.1975 0.9641 0.1727 0.2016
4.599 22.0532 116.506 0.0845 0.1975 0.9641 0.1727 0.2016
4.3945 -2.3141 117.866 0.1404 0.1698 0.9063 -0.1948 -0.375
-1.6118 9.0545 105.11 0.1404 0.1975 0.8522 -0.4598 -0.2499
5.0917 13.4015 111.39 0.113 0.1975 0.8522 -0.4598 -0.2499
4.4446 28.7782 88.5964 0.0845 0.2285 -0.3356 0.9416 -0.0285
-0.2816 23.7137 71.5162 0.0845 0.2588 -0.5801 0.8134 0.044
-11.4152 14.8399 71.4432 0.0599 0.2588 -0.5801 0.8134 0.044
-11.4152 14.8399 71.4432 0.0599 0.2588 -0.5801 0.8134 0.044
-0.2816 23.7137 71.5162 0.0845 0.2588 -0.5801 0.8134 0.044
0 35.8236 50.8542 0.0845 0.2847 -0.6368 0.688 0.3481
0.6586 -2.3141 133.228 0.0845 0.1698 -0.5132 0.495 0.7012
4.599 22.0532 116.506 0.0845 0.1975 -0.377 0.7849 0.4918
-6.0895 21.7654 111.291 0.0599 0.1975 -0.377 0.7849 0.4918
4.599 22.0532 116.506 0.0845 0.1975 -0.377 0.7849 0.4918
4.4446 28.7782 88.5964 0.0845 0.2285 -0.3356 0.9416 -0.0285
-5.4632 26.2355 88.549 0.0599 0.2285 -0.3356 0.9416 -0.0285
48.3806 41.7681 -0 0.0845 0.3919 0.5859 0.5346 -0.609
60.9421 28.6309 0.2291 0.0845 0.3674 0.4074 0.5938 -0.6938
60.8529 14.6126 -11.8401 0.113 0.3674 0.4074 0.5938 -0.6938
57.8277 0 24.1937 0.0356 0.3919 0 -1 0
57.4657 -0 -24.8104 0.0104 0.3919 0 -1 0
65.9972 -0 -12.3469 0.0104 0.3674 0.2441 -0.9697 0.0098
50.0077 21.7113 15.833 0.0599 0.3919 0.5294 0.506 0.681
57.8277 0 24.1937 0.0356 0.3919 0.5294 0.506 0.681
69.6363 0 16.7061 0.0356 0.3674 0.2715 0.3941 0.8781
60.8529 14.6126 -11.8401 0.113 0.3674 0.5702 0.2391 -0.7859
65.9972 -0 -12.3469 0.1404 0.3674 0.5702 0.2391 -0.7859
57.4657 -0 -24.8104 0.1404 0.3919 0.6831 0.3898 -0.6176
69.6363 0 16.7061 0.0356 0.3674 0.2441 -0.9697 0.0098
65.9972 -0 -12.3469 0.0104 0.3674 0.2441 -0.9697 0.0098
88.5016 9.7964 0.6386 0.0104 0.3399 0.2091 -0.9779 -0.0069
81.3177 18.3502 12.4753 0.0599 0.3399 -0.1729 0.0485 0.9837
61.0205 14.6126 10.8532 0.0599 0.3674 0.2715 0.3941 0.8781
69.6363 0 16.7061 0.0356 0.3674 0.2715 0.3941 0.8781
87.3096 18.3502 -0.9417 0.113 0.3399 0.3305 0.6191 -0.7124
60.8529 14.6126 -11.8401 0.113 0.3674 0.4074 0.5938 -0.6938
60.9421 28.6309 0.2291 0.0845 0.3674 0.4074 0.5938 -0.6938
88.5016 9.7964 0.6386 0.1404 0.3399 0.451 -0.0345 -0.8918
65.9972 -0 -12.3469 0.1404 0.3674 0.5702 0.2391 -0.7859
60.8529 14.6126 -11.8401 0.113 0.3674 0.5702 0.2391 -0.7859
83.2306 9.7964 12.4415 0.0356 0.3399 0.2091 -0.9779 -0.0069
88.5016 9.7964 0.6386 0.0104 0.3399 0.2091 -0.9779 -0.0069
101.326 8.6232 8.3233 0.0104 0.3126 -0.3738 -0.9124 -0.1669
100.072 15.6761 19.0263 0.0599 0.3126 -0.3702 -0.1124 0.9221
81.3177 18.3502 12.4753 0.0599 0.3399 -0.1729 0.0485 0.9837
83.2306 9.7964 12.4415 0.0356 0.3399 -0.1729 0.0485 0.9837
87.3096 18.3502 -0.9417 0.113 0.3399 0.3305 0.6191 -0.7124
84.1124 28.3237 6.2175 0.0845 0.3399 0.3305 0.6191 -0.7124
107.494 22.7854 16.5576 0.0845 0.3126 0.6192 0.5217 -0.5869
101.326 8.6232 8.3233 0.1404 0.3126 0.4045 -0.053 -0.913
88.5016 9.7964 0.6386 0.1404 0.3399 0.451 -0.0345 -0.8918
87.3096 18.3502 -0.9417 0.113 0.3399 0.451 -0.0345 -0.8918
97.659 8.6232 16.5354 0.0356 0.3126 -0.3738 -0.9124 -0.1669
101.326 8.6232 8.3233 0.0104 0.3126 -0.3738 -0.9124 -0.1669
111.602 -1.1522 10.3026 0.0104 0.2847 -0.6321 -0.7216 -0.2823
114.78 -1.1522 23.6374 0.0599 0.2847 -0.4218 -0.0828 0.9029
100.072 15.6761 19.0263 0.0599 0.3126 -0.3702 -0.1124 0.9221
97.659 8.6232 16.5354 0.0356 0.3126 -0.3702 -0.1124 0.9221
119.044 -1.1522 14.0889 0.113 0.2847 0.7675 0.4203 -0.484
104.74 15.6761 8.5737 0.113 0.3126 0.6192 0.5217 -0.5869
107.494 22.7854 16.5576 0.0845 0.3126 0.6192 0.5217 -0.5869
111.602 -1.1522 10.3026 0.1404 0.2847 0.3274 0.0365 -0.9442
101.326 8.6232 8.3233 0.1404 0.3126 0.4045 -0.053 -0.913
104.74 15.6761 8.5737 0.113 0.3126 0.4045 -0.053 -0.913
84.1124 28.3237 6.2175 0.0845 0.3399 -0.2017 0.5621 0.8021
60.9421 28.6309 0.2291 0.0845 0.3674 0.2112 0.5967 0.7742
61.0205 14.6126 10.8532 0.0599 0.3674 0.2112 0.5967 0.7742
61.0205 14.6126 10.8532 0.0599 0.3674 0.2112 0.5967 0.7742
60.9421 28.6309 0.2291 0.0845 0.3674 0.2112 0.5967 0.7742
48.3806 41.7681 -0 0.0845 0.3919 0.5738 0.52 0.6327
122.075 -1.1522 21.4519 0.0845 0.2847 0.1416 0.3201 0.9367
107.494 22.7854 16.5576 0.0845 0.3126 -0.0395 0.4433 0.8955
100.072 15.6761 19.0263 0.0599 0.3126 -0.0395 0.4433 0.8955
107.494 22.7854 16.5576 0.0845 0.3126 -0.0395 0.4433 0.8955
84.1124 28.3237 6.2175 0.0845 0.3399 -0.2017 0.5621 0.8021
81.3177 18.3502 12.4753 0.0599 0.3399 -0.2017 0.5621 0.8021
18.6547 17.5823 55.0572 0.2987 0.8356 0.4093 0.4721 0.7807
26.4503 0 55.1299 0.2905 0.8599 0.4172 0.3672 0.8313
48.0647 0 48.0646 0.2769 0.8599 0.4172 0.3672 0.8313
-53.3733 34.3178 -7.9367 0.0436 0.8182 -0.9267 0.2441 0.2857
-59.8461 0.1375 -16.6453 0.0436 0.8599 -0.9463 0.3019 0.1153
-61.4306 0 15.7964 0.0081 0.8599 -0.9463 0.3019 0.1153
37.99 25.6889 -37.99 0.1809 0.8182 0.4695 0.3729 -0.8003
48.0647 -0 -48.0646 0.1809 0.8599 0.4877 0.4339 -0.7575
27.5062 -0 -59.4538 0.1617 0.8599 0.4877 0.4339 -0.7575
48.3806 41.7681 -0 0.2278 0.8182 0.9076 0.2091 0.364
37.99 25.6889 37.99 0.2769 0.8182 0.8854 0.2914 0.3622
50.0077 21.7113 15.833 0.2508 0.8356 0.8328 0.4115 0.3702
35.9237 51.5827 -34.8605 0.1809 0.7892 0.4456 0.1964 -0.8734
37.99 25.6889 -37.99 0.1809 0.8182 0.4695 0.3729 -0.8003
-1.9266 41.1501 -54.3516 0.1219 0.8182 0.4592 0.341 -0.8203
1.3939 55.5279 -49.3002 0.1219 0.7892 -0.2882 0.3014 -0.9089
-1.9266 41.1501 -54.3516 0.1219 0.8182 -0.339 0.4389 -0.8321
-41.8392 30.139 -43.7853 0.0779 0.8182 -0.4487 0.3248 -0.8326
-33.1359 59.4734 -34.8605 0.0779 0.7892 -0.8666 0.2594 -0.4263
-41.8392 30.139 -43.7853 0.0779 0.8182 -0.8765 0.333 -0.3476
-53.3733 34.3178 -7.9367 0.0436 0.8182 -0.8765 0.333 -0.3476
-47.4386 61.1072 -0 0.0436 0.7892 -0.9387 0.0976 0.3307
-53.3733 34.3178 -7.9367 0.0436 0.8182 -0.9267 0.2441 0.2857
-33.6639 44.7021 33.295 0.0081 0.8182 -0.9052 0.2117 0.3685
-33.1359 59.4731 34.8605 0.36 0.7892 -0.4538 0.0869 0.8869
-33.6639 44.7021 33.295 0.36 0.8182 -0.3771 0.2468 0.8927
0 35.8236 50.8542 0.3181 0.8182 -0.3771 0.2468 0.8927
1.3939 55.5279 49.3002 0.3181 0.7892 0.322 0.1313 0.9376
0 35.8236 50.8542 0.3181 0.8182 0.395 0.3472 0.8506
37.99 25.6889 37.99 0.2769 0.8182 0.4026 0.3541 0.8441
35.9237 51.5827 34.8605 0.2769 0.7892 0.9098 0.1019 0.4023
37.99 25.6889 37.99 0.2769 0.8182 0.8854 0.2914 0.3622
48.3806 41.7681 -0 0.2278 0.8182 0.9076 0.2091 0.364
50.2264 49.9485 -0 0.2278 0.7892 0.9466 0.1113 -0.3025
48.3806 41.7681 -0 0.2278 0.8182 0.9065 0.2122 -0.365
37.99 25.6889 -37.99 0.1809 0.8182 0.8847 0.2925 -0.3629
-1.9266 41.1501 -54.3516 0.1219 0.8182 -0.339 0.4389 -0.8321
-27.7623 19.8449 -56.6229 0.0869 0.8356 -0.5084 0.3 -0.8072
-41.8392 30.139 -43.7853 0.0779 0.8182 -0.4487 0.3248 -0.8326
-27.7623 19.8449 -56.6229 0.0869 0.8356 -0.5084 0.3 -0.8072
-28.7963 -0 -57.3515 0.0869 0.8599 -0.6334 0.0727 -0.7704
-34.0121 -0.6082 -53.4136 0.0779 0.8599 -0.6334 0.0727 -0.7704
-1.9266 41.1501 -54.3516 0.1219 0.8182 0.4592 0.341 -0.8203
37.99 25.6889 -37.99 0.1809 0.8182 0.4695 0.3729 -0.8003
17.7173 17.0129 -57.8566 0.1485 0.8356 0.4878 0.4675 -0.7372
49.7681 21.7113 -16.5957 0.2073 0.8356 0.8316 0.4131 -0.3712
57.4657 -0 -24.8104 0.2004 0.8599 0.824 0.4445 -0.3513
48.0647 -0 -48.0646 0.1809 0.8599 0.824 0.4445 -0.3513
48.3806 41.7681 -0 0.2278 0.8182 0.9065 0.2122 -0.365
49.7681 21.7113 -16.5957 0.2073 0.8356 0.8316 0.4131 -0.3712
37.99 25.6889 -37.99 0.1809 0.8182 0.8847 0.2925 -0.3629
37.99 25.6889 37.99 0.2769 0.8182 0.8854 0.2914 0.3622
48.0647 0 48.0646 0.2769 0.8599 0.8229 0.4471 0.3508
57.8277 0 24.1937 0.2632 0.8599 0.8229 0.4471 0.3508
0 35.8236 50.8542 0.3181 0.8182 0.395 0.3472 0.8506
18.6547 17.5823 55.0572 0.2987 0.8356 0.4093 0.4721 0.7807
37.99 25.6889 37.99 0.2769 0.8182 0.4026 0.3541 0.8441
0 35.8236 50.8542 0.3181 0.8182 -0.3771 0.2468 0.8927
-33.6639 44.7021 33.295 0.36 0.8182 -0.3771 0.2468 0.8927
-16.0155 17.5823 54.8515 0.3406 0.8599 -0.3134 0.4575 0.8322
-33.6639 44.7021 33.295 0.0081 0.8182 -0.9052 0.2117 0.3685
-53.3733 34.3178 -7.9367 0.0436 0.8182 -0.9267 0.2441 0.2857
-48.112 23.4939 18.4835 0.0081 0.8356 -0.9152 0.337 0.2212
-37.1065 308.68 -88.5214 0.5322 0.3975 0 1 -0
-3.1958 308.68 -120.363 0.5322 0.4891 0 1 -0
-25.8421 308.68 -144.481 0.4679 0.4891 0 1 -0
13.485 421.243 41.9593 0.8375 0.9049 -0.1504 0.9639 -0.2199
60.7851 416.394 34.0565 0.9157 0.8561 0.1894 0.9225 -0.3364
70.8401 395.823 -6.0137 0.9939 0.8951 0.2169 0.8689 -0.445
-56.9569 391.239 61.3214 0.7065 0.9911 -0.5377 0.8418 -0.0474
-19.4245 413.517 76.3183 0.7455 0.9129 -0.4357 0.9001 -0.007
13.485 421.243 41.9593 0.8375 0.9049 -0.1504 0.9639 -0.2199
96.0715 413.325 66.7477 0.9078 0.7641 0.4115 0.91 -0.0512
60.7851 416.394 34.0565 0.9157 0.8561 0.1894 0.9225 -0.3364
13.485 421.243 41.9593 0.8375 0.9049 -0.1504 0.9639 -0.2199
70.3751 401.524 148.59 0.767 0.6938 0.2366 0.8297 0.5056
102.926 401.787 113.042 0.8589 0.6859 0.5178 0.8087 0.2792
96.0715 413.325 66.7477 0.9078 0.7641 0.4115 0.91 -0.0512
-12.2114 409.441 123.801 0.6967 0.8346 -0.3253 0.8836 0.3369
22.7163 398.91 155.304 0.6887 0.7427 -0.1073 0.7862 0.6085
70.3751 401.524 148.59 0.767 0.6938 0.2366 0.8297 0.5056
13.485 421.243 41.9593 0.8375 0.9049 -0.1504 0.9639 -0.2199
-19.4245 413.517 76.3183 0.7455 0.9129 -0.4357 0.9001 -0.007
-12.2114 409.441 123.801 0.6967 0.8346 -0.3253 0.8836 0.3369
137.982 372.55 119.833 0.898 0.6077 0.6133 0.7314 0.298
102.926 401.787 113.042 0.8589 0.6859 0.5178 0.8087 0.2792
70.3751 401.524 148.59 0.767 0.6938 0.2366 0.8297 0.5056
70.3751 401.524 148.59 0.767 0.6938 0.2366 0.8297 0.5056
22.7163 398.91 155.304 0.6887 0.7427 -0.1073 0.7862 0.6085
10.1855 367.966 187.168 0.6105 0.7036 -0.1413 0.7044 0.6956
96.0715 413.325 66.7477 0.9078 0.7641 0.4115 0.91 -0.0512
102.926 401.787 113.042 0.8589 0.6859 0.5178 0.8087 0.2792
137.982 372.55 119.833 0.898 0.6077 0.6133 0.7314 0.298
70.8401 395.823 -6.0137 0.9939 0.8951 0.2169 0.8689 -0.445
60.7851 416.394 34.0565 0.9157 0.8561 0.1894 0.9225 -0.3364
96.0715 413.325 66.7477 0.9078 0.7641 0.4115 0.91 -0.0512
-12.2114 409.441 123.801 0.6967 0.8346 -0.3253 0.8836 0.3369
-19.4245 413.517 76.3183 0.7455 0.9129 -0.4357 0.9001 -0.007
-56.9569 391.239 61.3214 0.7065 0.9911 -0.5377 0.8418 -0.0474
10.1855 367.966 187.168 0.6105 0.7036 -0.1413 0.7044 0.6956
22.7163 398.91 155.304 0.6887 0.7427 -0.1073 0.7862 0.6085
-12.2114 409.441 123.801 0.6967 0.8346 -0.3253 0.8836 0.3369
-99.8989 416.419 -74.769 0.8375 0.9049 -0.0976 0.8236 -0.5587
-67.7546 406.446 -78.3803 0.9157 0.8561 0.328 0.6678 -0.6681
-64.2977 376.227 -101.139 0.9939 0.8951 0.343 0.5509 -0.7608
-153.1 395.734 -56.8794 0.7065 0.9911 -0.5843 0.7546 -0.2987
-123.49 418.69 -50.6015 0.7455 0.9129 -0.4653 0.8421 -0.2728
-99.8989 416.419 -74.769 0.8375 0.9049 -0.0976 0.8236 -0.5587
-43.168 408.154 -55.1783 0.9078 0.7641 0.6223 0.7187 -0.3102
-67.7546 406.446 -78.3803 0.9157 0.8561 0.328 0.6678 -0.6681
-99.8989 416.419 -74.769 0.8375 0.9049 -0.0976 0.8236 -0.5587
-61.6795 416.419 1.9138 0.767 0.6938 0.3874 0.8236 0.4143
-39.444 406.446 -21.5782 0.8589 0.6859 0.731 0.6678 0.1403
-43.168 408.154 -55.1783 0.9078 0.7641 0.6223 0.7187 -0.3102
-118.41 424.683 -17.6769 0.6967 0.8346 -0.3324 0.9285 0.1657
-95.1791 418.69 6.2006 0.6887 0.7427 -0.0623 0.8421 0.5357
-61.6795 416.419 1.9138 0.767 0.6938 0.3874 0.8236 0.4143
-99.8989 416.419 -74.769 0.8375 0.9049 -0.0976 0.8236 -0.5587
-123.49 418.69 -50.6015 0.7455 0.9129 -0.4653 0.8421 -0.2728
-118.41 424.683 -17.6769 0.6967 0.8346 -0.3324 0.9285 0.1657
-19.1907 376.227 -10.6368 0.898 0.6077 0.814 0.5509 0.1842
-39.444 406.446 -21.5782 0.8589 0.6859 0.731 0.6678 0.1403
-61.6795 416.419 1.9138 0.767 0.6938 0.3874 0.8236 0.4143
-61.6795 416.419 1.9138 0.767 0.6938 0.3874 0.8236 0.4143
-95.1791 418.69 6.2006 0.6887 0.7427 -0.0623 0.8421 0.5357
-107.993 395.734 33.6228 0.6105 0.7036 -0.1133 0.7546 0.6463
-43.168 408.154 -55.1783 0.9078 0.7641 0.6223 0.7187 -0.3102
-39.444 406.446 -21.5782 0.8589 0.6859 0.731 0.6678 0.1403
-19.1907 376.227 -10.6368 0.898 0.6077 0.814 0.5509 0.1842
-64.2977 376.227 -101.139 0.9939 0.8951 0.343 0.5509 -0.7608
-67.7546 406.446 -78.3803 0.9157 0.8561 0.328 0.6678 -0.6681
-43.168 408.154 -55.1783 0.9078 0.7641 0.6223 0.7187 -0.3102
-118.41 424.683 -17.6769 0.6967 0.8346 -0.3324 0.9285 0.1657
-123.49 418.69 -50.6015 0.7455 0.9129 -0.4653 0.8421 -0.2728
-153.1 395.734 -56.8794 0.7065 0.9911 -0.5843 0.7546 -0.2987
-107.993 395.734 33.6228 0.6105 0.7036 -0.1133 0.7546 0.6463
-95.1791 418.69 6.2006 0.6887 0.7427 -0.0623 0.8421 0.5357
-118.41 424.683 -17.6769 0.6967 0.8346 -0.3324 0.9285 0.1657
-11.7638 365.822 -193.599 0.8375 0.9049 0.0687 0.9445 -0.3211
34.7592 356.309 -179.452 0.9157 0.8561 0.4186 0.8654 -0.2755
59.1959 330.276 -210.691 0.9939 0.8951 0.4835 0.7988 -0.3579
-88.7396 342.852 -205.347 0.7065 0.9911 -0.3663 0.8711 -0.3272
-58.09 364.202 -176.098 0.7455 0.9129 -0.2853 0.9252 -0.25
-11.7638 365.822 -193.599 0.8375 0.9049 0.0687 0.9445 -0.3211
52.6076 353.884 -133.294 0.9078 0.7641 0.4947 0.8655 0.078
34.7592 356.309 -179.452 0.9157 0.8561 0.4186 0.8654 -0.2755
-11.7638 365.822 -193.599 0.8375 0.9049 0.0687 0.9445 -0.3211
-8.3674 352.601 -68.4616 0.767 0.6938 0.0912 0.857 0.5071
37.2751 346.516 -86.7579 0.8589 0.6859 0.4376 0.7912 0.4273
52.6076 353.884 -133.294 0.9078 0.7641 0.4947 0.8655 0.078
-72.7388 364.539 -128.766 0.6967 0.8346 -0.3349 0.9361 0.108
-55.5741 354.409 -83.4039 0.6887 0.7427 -0.2663 0.851 0.4527
-8.3674 352.601 -68.4616 0.767 0.6938 0.0912 0.857 0.5071
-11.7638 365.822 -193.599 0.8375 0.9049 0.0687 0.9445 -0.3211
-58.09 364.202 -176.098 0.7455 0.9129 -0.2853 0.9252 -0.25
-72.7388 364.539 -128.766 0.6967 0.8346 -0.3349 0.9361 0.108
63.2044 314.672 -63.0015 0.898 0.6077 0.5065 0.7092 0.4904
37.2751 346.516 -86.7579 0.8589 0.6859 0.4376 0.7912 0.4273
-8.3674 352.601 -68.4616 0.767 0.6938 0.0912 0.857 0.5071
-8.3674 352.601 -68.4616 0.767 0.6938 0.0912 0.857 0.5071
-55.5741 354.409 -83.4039 0.6887 0.7427 -0.2663 0.851 0.4527
-84.7311 327.248 -57.6577 0.6105 0.7036 -0.3432 0.7814 0.5211
52.6076 353.884 -133.294 0.9078 0.7641 0.4947 0.8655 0.078
37.2751 346.516 -86.7579 0.8589 0.6859 0.4376 0.7912 0.4273
63.2044 314.672 -63.0015 0.898 0.6077 0.5065 0.7092 0.4904
59.1959 330.276 -210.691 0.9939 0.8951 0.4835 0.7988 -0.3579
34.7592 356.309 -179.452 0.9157 0.8561 0.4186 0.8654 -0.2755
52.6076 353.884 -133.294 0.9078 0.7641 0.4947 0.8655 0.078
-72.7388 364.539 -128.766 0.6967 0.8346 -0.3349 0.9361 0.108
-58.09 364.202 -176.098 0.7455 0.9129 -0.2853 0.9252 -0.25
-88.7396 342.852 -205.347 0.7065 0.9911 -0.3663 0.8711 -0.3272
-84.7311 327.248 -57.6577 0.6105 0.7036 -0.3432 0.7814 0.5211
-55.5741 354.409 -83.4039 0.6887 0.7427 -0.2663 0.851 0.4527
-72.7388 364.539 -128.766 0.6967 0.8346 -0.3349 0.9361 0.108
-89.1683 314.723 -224.271 0.8375 0.5113 -0.3327 0.8296 -0.4484
-24.6088 319.985 -227.224 0.9157 0.4625 0.0765 0.8456 -0.5283
2.7873 280.954 -274.24 0.9939 0.5015 0.1338 0.7668 -0.6278
-174.443 249.025 -201.801 0.7065 0.5975 -0.7474 0.6081 -0.2676
-135.844 299.945 -181.759 0.7455 0.5193 -0.6651 0.712 -0.2252
-89.1683 314.723 -224.271 0.8375 0.5113 -0.3327 0.8296 -0.4484
16.1186 333.691 -178.668 0.9078 0.3705 0.2861 0.9411 -0.1804
-24.6088 319.985 -227.224 0.9157 0.4625 0.0765 0.8456 -0.5283
-89.1683 314.723 -224.271 0.8375 0.5113 -0.3327 0.8296 -0.4484
-28.7627 325.606 -71.6859 0.767 0.3002 0.0223 0.8936 0.4484
20.136 328.047 -114.198 0.8589 0.2923 0.3748 0.8994 0.2252
16.1186 333.691 -178.668 0.9078 0.3705 0.2861 0.9411 -0.1804
-134.05 306.637 -117.29 0.6967 0.441 -0.5965 0.7821 0.1804
-91.0997 308.007 -68.7329 0.6887 0.3491 -0.3668 0.7658 0.5283
-28.7627 325.606 -71.6859 0.767 0.3002 0.0223 0.8936 0.4484
-89.1683 314.723 -224.271 0.8375 0.5113 -0.3327 0.8296 -0.4484
-135.844 299.945 -181.759 0.7455 0.5193 -0.6651 0.712 -0.2252
-134.05 306.637 -117.29 0.6967 0.441 -0.5965 0.7821 0.1804
74.0787 293.798 -94.1564 0.898 0.2141 0.4882 0.8307 0.2676
20.136 328.047 -114.198 0.8589 0.2923 0.3748 0.8994 0.2252
-28.7627 325.606 -71.6859 0.767 0.3002 0.0223 0.8936 0.4484
-28.7627 325.606 -71.6859 0.767 0.3002 0.0223 0.8936 0.4484
-91.0997 308.007 -68.7329 0.6887 0.3491 -0.3668 0.7658 0.5283
-103.152 261.868 -21.7174 0.6105 0.31 -0.393 0.6719 0.6278
16.1186 333.691 -178.668 0.9078 0.3705 0.2861 0.9411 -0.1804
20.136 328.047 -114.198 0.8589 0.2923 0.3748 0.8994 0.2252
74.0787 293.798 -94.1564 0.898 0.2141 0.4882 0.8307 0.2676
2.7873 280.954 -274.24 0.9939 0.5015 0.1338 0.7668 -0.6278
-24.6088 319.985 -227.224 0.9157 0.4625 0.0765 0.8456 -0.5283
16.1186 333.691 -178.668 0.9078 0.3705 0.2861 0.9411 -0.1804
-134.05 306.637 -117.29 0.6967 0.441 -0.5965 0.7821 0.1804
-135.844 299.945 -181.759 0.7455 0.5193 -0.6651 0.712 -0.2252
-174.443 249.025 -201.801 0.7065 0.5975 -0.7474 0.6081 -0.2676
-103.152 261.868 -21.7174 0.6105 0.31 -0.393 0.6719 0.6278
-91.0997 308.007 -68.7329 0.6887 0.3491 -0.3668 0.7658 0.5283
-134.05 306.637 -117.29 0.6967 0.441 -0.5965 0.7821 0.1804
124.829 297.674 -198.009 0.8375 0.5131 0.2355 0.7238 -0.6486
148.74 293.21 -185.514 0.9157 0.4643 0.5648 0.6317 -0.5309
161.163 271.77 -193.969 0.9939 0.5033 0.625 0.5311 -0.5721
81.5345 288.187 -204.566 0.7065 0.5993 -0.2038 0.702 -0.6824
98.7625 303.515 -192.165 0.7455 0.5211 -0.1217 0.7733 -0.6223
124.829 297.674 -198.009 0.8375 0.5131 0.2355 0.7238 -0.6486
156.303 301.098 -160.448 0.9078 0.3723 0.613 0.7648 -0.1981
148.74 293.21 -185.514 0.9157 0.4643 0.5648 0.6317 -0.5309
124.829 297.674 -198.009 0.8375 0.5131 0.2355 0.7238 -0.6486
120.307 318.434 -131.866 0.767 0.302 0.1813 0.9727 0.1446
145.39 308.588 -136.52 0.8589 0.2941 0.5188 0.843 0.1421
156.303 301.098 -160.448 0.9078 0.3723 0.613 0.7648 -0.1981
88.8335 315.009 -169.427 0.6967 0.4428 -0.1961 0.9317 -0.3058
95.4126 318.892 -143.171 0.6887 0.3509 -0.1677 0.9845 0.0508
120.307 318.434 -131.866 0.767 0.302 0.1813 0.9727 0.1446
124.829 297.674 -198.009 0.8375 0.5131 0.2355 0.7238 -0.6486
98.7625 303.515 -192.165 0.7455 0.5211 -0.1217 0.7733 -0.6223
88.8335 315.009 -169.427 0.6967 0.4428 -0.1961 0.9317 -0.3058
155.825 296.271 -115.907 0.898 0.2159 0.5694 0.7861 0.2404
145.39 308.588 -136.52 0.8589 0.2941 0.5188 0.843 0.1421
120.307 318.434 -131.866 0.767 0.302 0.1813 0.9727 0.1446
120.307 318.434 -131.866 0.767 0.302 0.1813 0.9727 0.1446
95.4126 318.892 -143.171 0.6887 0.3509 -0.1677 0.9845 0.0508
76.1971 312.688 -126.504 0.6105 0.3118 -0.2593 0.957 0.1301
156.303 301.098 -160.448 0.9078 0.3723 0.613 0.7648 -0.1981
145.39 308.588 -136.52 0.8589 0.2941 0.5188 0.843 0.1421
155.825 296.271 -115.907 0.898 0.2159 0.5694 0.7861 0.2404
161.163 271.77 -193.969 0.9939 0.5033 0.625 0.5311 -0.5721
148.74 293.21 -185.514 0.9157 0.4643 0.5648 0.6317 -0.5309
156.303 301.098 -160.448 0.9078 0.3723 0.613 0.7648 -0.1981
88.8335 315.009 -169.427 0.6967 0.4428 -0.1961 0.9317 -0.3058
98.7625 303.515 -192.165 0.7455 0.5211 -0.1217 0.7733 -0.6223
81.5345 288.187 -204.566 0.7065 0.5993 -0.2038 0.702 -0.6824
76.1971 312.688 -126.504 0.6105 0.3118 -0.2593 0.957 0.1301
95.4126 318.892 -143.171 0.6887 0.3509 -0.1677 0.9845 0.0508
88.8335 315.009 -169.427 0.6967 0.4428 -0.1961 0.9317 -0.3058
143.618 279.644 -100.652 0.8375 0.9031 -0.1347 0.9104 -0.3912
175.185 281.018 -90.6577 0.9157 0.8543 0.2231 0.914 -0.3389
195.357 266.168 -110.137 0.9939 0.8933 0.3026 0.8576 -0.4159
96.9358 252.76 -107.461 0.7065 0.9893 -0.5426 0.7424 -0.3929
113.413 272.602 -88.9785 0.7455 0.9111 -0.4771 0.8186 -0.3198
143.618 279.644 -100.652 0.8375 0.9031 -0.1347 0.9104 -0.3912
186.594 284.329 -59.7204 0.9078 0.7623 0.2906 0.9567 0.0138
175.185 281.018 -90.6577 0.9157 0.8543 0.2231 0.914 -0.3389
143.618 279.644 -100.652 0.8375 0.9031 -0.1347 0.9104 -0.3912
146.177 277.652 -16.5215 0.767 0.692 -0.1093 0.8907 0.4413
177.08 279.542 -28.3386 0.8589 0.6841 0.2446 0.8973 0.3675
186.594 284.329 -59.7204 0.9078 0.7623 0.2906 0.9567 0.0138
103.201 272.968 -57.4534 0.6967 0.8328 -0.5346 0.8443 0.0362
115.308 271.127 -26.6593 0.6887 0.7409 -0.4556 0.8019 0.3866
146.177 277.652 -16.5215 0.767 0.692 -0.1093 0.8907 0.4413
143.618 279.644 -100.652 0.8375 0.9031 -0.1347 0.9104 -0.3912
113.413 272.602 -88.9785 0.7455 0.9111 -0.4771 0.8186 -0.3198
103.201 272.968 -57.4534 0.6967 0.8328 -0.5346 0.8443 0.0362
198.376 263.817 -10.8444 0.898 0.6059 0.3286 0.8374 0.4368
177.08 279.542 -28.3386 0.8589 0.6841 0.2446 0.8973 0.3675
146.177 277.652 -16.5215 0.767 0.692 -0.1093 0.8907 0.4413
146.177 277.652 -16.5215 0.767 0.692 -0.1093 0.8907 0.4413
115.308 271.127 -26.6593 0.6887 0.7409 -0.4556 0.8019 0.3866
99.9553 250.409 -8.1689 0.6105 0.7018 -0.5167 0.7222 0.4598
186.594 284.329 -59.7204 0.9078 0.7623 0.2906 0.9567 0.0138
177.08 279.542 -28.3386 0.8589 0.6841 0.2446 0.8973 0.3675
198.376 263.817 -10.8444 0.898 0.6059 0.3286 0.8374 0.4368
195.357 266.168 -110.137 0.9939 0.8933 0.3026 0.8576 -0.4159
175.185 281.018 -90.6577 0.9157 0.8543 0.2231 0.914 -0.3389
186.594 284.329 -59.7204 0.9078 0.7623 0.2906 0.9567 0.0138
103.201 272.968 -57.4534 0.6967 0.8328 -0.5346 0.8443 0.0362
113.413 272.602 -88.9785 0.7455 0.9111 -0.4771 0.8186 -0.3198
96.9358 252.76 -107.461 0.7065 0.9893 -0.5426 0.7424 -0.3929
99.9553 250.409 -8.1689 0.6105 0.7018 -0.5167 0.7222 0.4598
115.308 271.127 -26.6593 0.6887 0.7409 -0.4556 0.8019 0.3866
103.201 272.968 -57.4534 0.6967 0.8328 -0.5346 0.8443 0.0362
180.9 265.153 -69.0675 0.8375 0.5131 0.2701 0.9422 -0.1983
214.481 249.043 -59.4245 0.9157 0.4643 0.5948 0.7865 -0.1662
229.268 228.548 -86.2255 0.9939 0.5033 0.6459 0.7188 -0.257
118.903 261.515 -79.8852 0.7065 0.5993 -0.1705 0.9627 -0.2101
145.211 269.734 -55.4451 0.7455 0.5211 -0.0815 0.9885 -0.1273
180.9 265.153 -69.0675 0.8375 0.5131 0.2701 0.9422 -0.1983
226.977 239.775 -24.2371 0.9078 0.3723 0.6628 0.7259 0.1838
214.481 249.043 -59.4245 0.9157 0.4643 0.5948 0.7865 -0.1662
180.9 265.153 -69.0675 0.8375 0.5131 0.2701 0.9422 -0.1983
179.542 242.332 25.9654 0.767 0.302 0.2585 0.7477 0.6117
213.475 232.138 10.9703 0.8589 0.2941 0.585 0.6214 0.5211
226.977 239.775 -24.2371 0.9078 0.3723 0.6628 0.7259 0.1838
133.464 267.709 -18.865 0.6967 0.4428 -0.1343 0.964 0.2296
144.206 252.83 14.9496 0.6887 0.3509 -0.0913 0.8235 0.56
179.542 242.332 25.9654 0.767 0.302 0.2585 0.7477 0.6117
180.9 265.153 -69.0675 0.8375 0.5131 0.2701 0.9422 -0.1983
145.211 269.734 -55.4451 0.7455 0.5211 -0.0815 0.9885 -0.1273
133.464 267.709 -18.865 0.6967 0.4428 -0.1343 0.964 0.2296
227.666 201.614 25.9337 0.898 0.2159 0.6341 0.5196 0.5727
213.475 232.138 10.9703 0.8589 0.2941 0.585 0.6214 0.5211
179.542 242.332 25.9654 0.767 0.302 0.2585 0.7477 0.6117
179.542 242.332 25.9654 0.767 0.302 0.2585 0.7477 0.6117
144.206 252.83 14.9496 0.6887 0.3509 -0.0913 0.8235 0.56
117.3 234.582 32.2739 0.6105 0.3118 -0.1823 0.7635 0.6196
226.977 239.775 -24.2371 0.9078 0.3723 0.6628 0.7259 0.1838
213.475 232.138 10.9703 0.8589 0.2941 0.585 0.6214 0.5211
227.666 201.614 25.9337 0.898 0.2159 0.6341 0.5196 0.5727
229.268 228.548 -86.2255 0.9939 0.5033 0.6459 0.7188 -0.257
214.481 249.043 -59.4245 0.9157 0.4643 0.5948 0.7865 -0.1662
226.977 239.775 -24.2371 0.9078 0.3723 0.6628 0.7259 0.1838
133.464 267.709 -18.865 0.6967 0.4428 -0.1343 0.964 0.2296
145.211 269.734 -55.4451 0.7455 0.5211 -0.0815 0.9885 -0.1273
118.903 261.515 -79.8852 0.7065 0.5993 -0.1705 0.9627 -0.2101
117.3 234.582 32.2739 0.6105 0.3118 -0.1823 0.7635 0.6196
144.206 252.83 14.9496 0.6887 0.3509 -0.0913 0.8235 0.56
133.464 267.709 -18.865 0.6967 0.4428 -0.1343 0.964 0.2296
161.807 231.866 -119.969 0.8375 0.5113 -0.0297 0.7754 -0.6308
189.095 220.147 -123.072 0.9157 0.4625 0.3614 0.5748 -0.7342
189.057 192.49 -140.381 0.9939 0.5015 0.3625 0.4519 -0.8151
114.403 221.622 -101.058 0.7065 0.5975 -0.4985 0.7879 -0.3615
142.239 238.431 -98.3916 0.7455 0.5193 -0.3714 0.8607 -0.3482
161.807 231.866 -119.969 0.8375 0.5113 -0.0297 0.7754 -0.6308
211.64 221.517 -103.542 0.9078 0.3705 0.6626 0.6316 -0.4026
189.095 220.147 -123.072 0.9157 0.4625 0.3614 0.5748 -0.7342
161.807 231.866 -119.969 0.8375 0.5113 -0.0297 0.7754 -0.6308
198.219 235.852 -53.7963 0.767 0.3002 0.4761 0.8307 0.2884
216.066 223.1 -74.055 0.8589 0.2923 0.7832 0.6209 0.0324
211.64 221.517 -103.542 0.9078 0.3705 0.6626 0.6316 -0.4026
148.385 246.201 -70.2235 0.6967 0.441 -0.2162 0.9745 0.0602
169.211 241.384 -49.3745 0.6887 0.3491 0.0504 0.9069 0.4183
198.219 235.852 -53.7963 0.767 0.3002 0.4761 0.8307 0.2884
161.807 231.866 -119.969 0.8375 0.5113 -0.0297 0.7754 -0.6308
142.239 238.431 -98.3916 0.7455 0.5193 -0.3714 0.8607 -0.3482
148.385 246.201 -70.2235 0.6967 0.441 -0.2162 0.9745 0.0602
232.031 197.194 -62.2828 0.898 0.2141 0.8581 0.5062 0.0857
216.066 223.1 -74.055 0.8589 0.2923 0.7832 0.6209 0.0324
198.219 235.852 -53.7963 0.767 0.3002 0.4761 0.8307 0.2884
198.219 235.852 -53.7963 0.767 0.3002 0.4761 0.8307 0.2884
169.211 241.384 -49.3745 0.6887 0.3491 0.0504 0.9069 0.4183
157.376 226.327 -22.9597 0.6105 0.31 -0.0028 0.8422 0.5392
211.64 221.517 -103.542 0.9078 0.3705 0.6626 0.6316 -0.4026
216.066 223.1 -74.055 0.8589 0.2923 0.7832 0.6209 0.0324
232.031 197.194 -62.2828 0.898 0.2141 0.8581 0.5062 0.0857
189.057 192.49 -140.381 0.9939 0.5015 0.3625 0.4519 -0.8151
189.095 220.147 -123.072 0.9157 0.4625 0.3614 0.5748 -0.7342
211.64 221.517 -103.542 0.9078 0.3705 0.6626 0.6316 -0.4026
148.385 246.201 -70.2235 0.6967 0.441 -0.2162 0.9745 0.0602
142.239 238.431 -98.3916 0.7455 0.5193 -0.3714 0.8607 -0.3482
114.403 221.622 -101.058 0.7065 0.5975 -0.4985 0.7879 -0.3615
157.376 226.327 -22.9597 0.6105 0.31 -0.0028 0.8422 0.5392
169.211 241.384 -49.3745 0.6887 0.3491 0.0504 0.9069 0.4183
148.385 246.201 -70.2235 0.6967 0.441 -0.2162 0.9745 0.0602
111.801 365.907 24.4319 0.8375 0.5113 0.3096 0.9057 -0.2895
158.443 349.441 72.4558 0.9157 0.4625 0.5887 0.804 -0.0833
204.472 307.146 51.2489 0.9939 0.5015 0.6766 0.7259 -0.1235
21.3897 341.023 -38.5472 0.7065 0.5975 -0.0792 0.8658 -0.4942
43.5345 370.703 16.0969 0.7455 0.5193 -0.0374 0.9199 -0.3904
111.801 365.907 24.4319 0.8375 0.5113 0.3096 0.9057 -0.2895
150.523 349.63 140.94 0.9078 0.3705 0.4938 0.8283 0.2647
158.443 349.441 72.4558 0.9157 0.4625 0.5887 0.804 -0.0833
111.801 365.907 24.4319 0.8375 0.5113 0.3096 0.9057 -0.2895
34.1189 362.057 181.364 0.767 0.3002 -0.0599 0.8874 0.457
100.9 346.589 188.702 0.8589 0.2923 0.2752 0.7885 0.55
150.523 349.63 140.94 0.9078 0.3705 0.4938 0.8283 0.2647
-4.6031 378.334 64.8555 0.6967 0.441 -0.2441 0.9649 -0.0972
-14.0081 367.851 132.343 0.6887 0.3491 -0.3509 0.9043 0.243
34.1189 362.057 181.364 0.767 0.3002 -0.0599 0.8874 0.457
111.801 365.907 24.4319 0.8375 0.5113 0.3096 0.9057 -0.2895
43.5345 370.703 16.0969 0.7455 0.5193 -0.0374 0.9199 -0.3904
-4.6031 378.334 64.8555 0.6967 0.441 -0.2441 0.9649 -0.0972
112.79 302.602 236.462 0.898 0.2141 0.2981 0.7071 0.6411
100.9 346.589 188.702 0.8589 0.2923 0.2752 0.7885 0.55
34.1189 362.057 181.364 0.767 0.3002 -0.0599 0.8874 0.457
34.1189 362.057 181.364 0.767 0.3002 -0.0599 0.8874 0.457
-14.0081 367.851 132.343 0.6887 0.3491 -0.3509 0.9043 0.243
-70.2923 336.478 146.666 0.6105 0.31 -0.4577 0.847 0.2704
150.523 349.63 140.94 0.9078 0.3705 0.4938 0.8283 0.2647
100.9 346.589 188.702 0.8589 0.2923 0.2752 0.7885 0.55
112.79 302.602 236.462 0.898 0.2141 0.2981 0.7071 0.6411
204.472 307.146 51.2489 0.9939 0.5015 0.6766 0.7259 -0.1235
158.443 349.441 72.4558 0.9157 0.4625 0.5887 0.804 -0.0833
150.523 349.63 140.94 0.9078 0.3705 0.4938 0.8283 0.2647
-4.6031 378.334 64.8555 0.6967 0.441 -0.2441 0.9649 -0.0972
43.5345 370.703 16.0969 0.7455 0.5193 -0.0374 0.9199 -0.3904
21.3897 341.023 -38.5472 0.7065 0.5975 -0.0792 0.8658 -0.4942
-70.2923 336.478 146.666 0.6105 0.31 -0.4577 0.847 0.2704
-14.0081 367.851 132.343 0.6887 0.3491 -0.3509 0.9043 0.243
-4.6031 378.334 64.8555 0.6967 0.441 -0.2441 0.9649 -0.0972
-165.335 369.748 -35.6881 0.8375 0.5113 -0.5681 0.816 -0.1064
-130.365 378.444 -64.4386 0.9157 0.4625 -0.3282 0.8661 -0.377
-133.167 356.612 -102.909 0.9939 0.5015 -0.3368 0.8061 -0.4866
-201.352 324.247 12.8762 0.7065 0.5975 -0.7613 0.6046 0.2342
-173.16 358.131 8.2319 0.7455 0.5193 -0.6802 0.6991 0.2207
-165.335 369.748 -35.6881 0.8375 0.5113 -0.5681 0.816 -0.1064
-87.4652 391.433 -53.6659 0.9078 0.3705 -0.0087 0.9718 -0.2356
-130.365 378.444 -64.4386 0.9157 0.4625 -0.3282 0.8661 -0.377
-165.335 369.748 -35.6881 0.8375 0.5113 -0.5681 0.816 -0.1064
-67.3683 385.695 26.4614 0.767 0.3002 0.1356 0.9306 0.34
-57.7968 390.257 -18.402 0.8589 0.2923 0.2686 0.9633 0.0016
-87.4652 391.433 -53.6659 0.9078 0.3705 -0.0087 0.9718 -0.2356
-145.239 364.01 44.4393 0.6967 0.441 -0.4237 0.7748 0.4691
-100.592 369.943 54.2685 0.6887 0.3491 -0.0834 0.7962 0.5993
-67.3683 385.695 26.4614 0.767 0.3002 0.1356 0.9306 0.34
-165.335 369.748 -35.6881 0.8375 0.5113 -0.5681 0.816 -0.1064
-173.16 358.131 8.2319 0.7455 0.5193 -0.6802 0.6991 0.2207
-145.239 364.01 44.4393 0.6967 0.441 -0.4237 0.7748 0.4691
-17.5447 375.432 -29.5593 0.898 0.2141 0.383 0.9233 -0.0299
-57.7968 390.257 -18.402 0.8589 0.2923 0.2686 0.9633 0.0016
-67.3683 385.695 26.4614 0.767 0.3002 0.1356 0.9306 0.34
-67.3683 385.695 26.4614 0.767 0.3002 0.1356 0.9306 0.34
-100.592 369.943 54.2685 0.6887 0.3491 -0.0834 0.7962 0.5993
-85.7296 343.067 86.2258 0.6105 0.31 -0.0415 0.7218 0.6909
-87.4652 391.433 -53.6659 0.9078 0.3705 -0.0087 0.9718 -0.2356
-57.7968 390.257 -18.402 0.8589 0.2923 0.2686 0.9633 0.0016
-17.5447 375.432 -29.5593 0.898 0.2141 0.383 0.9233 -0.0299
-133.167 356.612 -102.909 0.9939 0.5015 -0.3368 0.8061 -0.4866
-130.365 378.444 -64.4386 0.9157 0.4625 -0.3282 0.8661 -0.377
-87.4652 391.433 -53.6659 0.9078 0.3705 -0.0087 0.9718 -0.2356
-145.239 364.01 44.4393 0.6967 0.441 -0.4237 0.7748 0.4691
-173.16 358.131 8.2319 0.7455 0.5193 -0.6802 0.6991 0.2207
-201.352 324.247 12.8762 0.7065 0.5975 -0.7613 0.6046 0.2342
-85.7296 343.067 86.2258 0.6105 0.31 -0.0415 0.7218 0.6909
-100.592 369.943 54.2685 0.6887 0.3491 -0.0834 0.7962 0.5993
-145.239 364.01 44.4393 0.6967 0.441 -0.4237 0.7748 0.4691
274.296 234.261 32.5156 0.6175 0.3423 -0 1 -0
136.708 234.261 -72.488 0.6175 0.5832 -0 1 -0
62.0268 234.26 25.3677 0.4679 0.5832 -0 1 -0
163.249 224.155 -129.536 0.4679 0.3975 -0 1 0
126.555 224.155 -71.9856 0.4679 0.4891 -0 1 0
167.486 224.155 -45.8883 0.5322 0.4891 -0 1 0
-2.4943 322.782 234.05 0.6475 0.0164 0 1 0
42.7841 322.782 106.683 0.6475 0.3061 0 1 0
-47.8027 322.782 74.4796 0.4679 0.3061 0 1 0
9.9393 325.551 15.1521 0.5322 0.3975 0 1 -0
3.4231 325.551 83.0931 0.5322 0.4891 0 1 -0
51.7443 325.551 87.7275 0.4679 0.4891 0 1 -0
-122.366 93.2863 26.3129 0.5721 0.0186 0 1 -0
-30.9052 93.2863 20.9174 0.5721 0.1318 0 1 -0
-34.7426 93.2863 -44.1312 0.4854 0.1318 0 1 -0
114.877 -0.3991 143.973 0.8064 0.2009 0.1189 0.9914 0.0538
32.5225 15.1704 39.1083 0.8064 0.00319999 0.1189 0.9914 0.0538
-30.4203 19.9941 89.2561 0.6732 0.00319999 0.1189 0.9914 0.0538
-160.846 317.572 -55.192 0.6475 0.0164 0 1 0
-59.973 317.572 34.7924 0.6475 0.3061 0 1 0
4.026 317.572 -36.9511 0.4679 0.3061 0 1 0
-123.199 361.486 50.2039 0.5322 0.3975 0 1 -0
-73.4424 361.486 3.484 0.5322 0.4891 0 1 -0
-106.671 361.486 -31.9038 0.4679 0.4891 0 1 -0
24.8862 280.901 -262.578 0.4679 0.3423 0 1 -0
33.2051 280.901 -148.843 0.4679 0.5423 0 1 -0
114.097 280.901 -154.76 0.6175 0.5423 0 1 -0
-37.1065 310.861 -88.5214 0.5322 0.3975 0 1 -0
-3.1958 310.861 -120.363 0.5322 0.4891 0 1 -0
-25.8421 310.861 -144.481 0.4679 0.4891 0 1 -0
-4.2714 22.2828 -167.274 0.5322 0.3975 0 1 -0
-29.0507 22.2828 -104.645 0.5322 0.4891 0 1 -0
15.4926 22.2828 -87.0215 0.4679 0.4891 0 1 -0
